9.5
23
12
9.7
15
10
10
10
9.3
32
12
21
14
9.8
8.7
35
20
9.3
13
8.7
14
10
12
13
16
79
17
38
18
12
13
20
15
12
20
9.2
9.6
54
32
9.7
12
13
14
11
11
9.7
16
19
11
9.8
11
296
14
33
22
61
12
213
36
86
42
23
10
22
24
24
296
36
18
17
29
329
344
22
149
341
13
23
269
13
15
79
22
15
43
16
317
11
21
45
233
16
18
50
47
15
31
29
13
11
11
11
11
12
11
14
12
22
12
17
13
79
28
13
22
14
15
11
11
24
12
9.1
13
13
22
15
16
24
11
44
85
84
11
14
14
38
18
16
15
65
14
45
13
13
8.6
13
19
8.5
14
15
13
13
13
24
86
8.8
14
15
19
12
11
12
13
11
53
16
11
14
77
12
14
12
21
12
9.4
19
13
109
14
13
11
15
12
30
41
29
13
15
16
34
23
25
19
23
89
19
15
12
16
11
19
40
17
23
15
56
17
163
15
17
83
287
22
14
50
15
18
14
44
24
15
14
14
14
18
52
353
11
225
40
18
16
11
21
18
58
28
9.3
14
24
13
13
15
13
16
39
339
33
12
139
38
102
26
13
194
13
12
22
49
15
53
24
13
15
68
14
15
13
11
18
15
11
33
86
13
11
15
25
23
12
31
15
14
49
100
13
10
25
22
15
92
15
12
28
14
36
54
13
12
21
12
13
30
42
67
18
19
16
19
12
11
11
17
28
8.7
11
16
20
9.6
12
19
28
12
27
21
14
38
12
12
9.6
16
9.5
12
19
11
25
15
9.6
16
12
50
11
11
17
15
17
11
35
18
13
17
25
19
16
34
16
36
14
13
16
12
15
18
19
16
18
74
13
30
143
19
23
17
59
54
16
13
17
13
83
12
21
12
67
20
13
13
12
18
15
25
17
14
112
32
28
39
44
24
15
28
19
18
12
26
17
14
14
53
91
126
57
15
9.6
12
7.4
9.6
14
9.9
12
16
7.4
8.8
12
64
9.3
12
72
7.8
9.4
18
44
14
29
42
16
7.7
11
60
7.9
7.7
8.7
22
8.0
8.0
19
20
15
9.0
7.9
8.6
14
11
7.7
13
13
13
11
8.1
9.5
6.5
7.1
7.6
9.0
7.8
18
15
41
77
20
50
37
14
32
100
20
49
18
12
24
21
12
16
28
44
24
18
17
52
15
18
13
22
15
27
26
60
14
12
125
13
17
69
123
17
21
98
20
19
36
14
11
66
9.9
62
20
15
11
7.1
20
26
8.7
11
8.3
16
8.6
8.3
31
9.9
8.1
13
7.8
7.7
7.6
21
15
28
14
13
12
8.7
24
13
9.8
9.3
8.5
44
11
12
7.9
9.4
8.1
8.6
22
15
54
14
12
15
10
9.3
8.2
11
7.9
9.9
43
18
8.8
12
11
9.2
47
7.6
10
9.7
14
8.9
7.2
9.5
9.9
9.7
8.2
9.0
55
55
7.4
12
22
9.8
19
21
17
11
9.3
13
11
8.5
9.6
11
11
9.3
9.1
18
9.5
15
9.1
11
12
8.6
30
31
9.9
9.2
12
27
33
20
23
12
41
9.4
9.2
12
12
9.3
9.5
11
11
50
8.8
11
17
9.4
42
24
9.1
25
13
9.3
12
12
12
44
15
13
30
38
8.3
13
11
11
7.7
13
43
40
31
46
21
35
19
39
39
19
32
44
27
14
44
24
19
21
29
32
36
37
18
14
23
39
31
23
43
24
41
21
12
16
18
32
18
30
24
20
18
23
21
18
23
15
38
20
21
22
16
9.7
9.0
12
12
8.2
8.3
8.2
9.2
73
7.2
13
27
12
13
13
9.9
15
7.4
16
15
22
8.3
12
7.9
7.8
11
79
12
65
8.0
12
12
8.2
8.3
28
7.7
16
8.4
20
19
11
9.4
8.9
10
11
13
35
69
9.2
9.4
12
13
12
12
19
11
11
14
8.7
9.3
12
11
11
21
26
20
21
33
33
18
24
20
16
39
47
14
32
37
26
15
35
29
33
41
23
15
26
16
38
15
20
29
22
19
25
36
23
17
43
25
20
18
13
19
17
45
16
11
9.1
55
12
26
48
44
9.4
23
37
11
26
12
11
26
12
33
24
64
41
11
9.4
9.7
8.2
36
8.5
16
35
8.4
18
13
16
11
12
21
9.3
16
8.9
11
9.7
31
13
8.6
8.3
54
13
9.1
21
11
9.4
17
8.6
8.7
11
9.2
13
9.7
49
12
51
9.3
11
10
31
9.4
27
8.8
14
13
8.2
9.4
21
16
12
23
12
14
14
9.7
48
17
59
18
16
12
12
23
17
12
33
19
27
18
9.8
22
37
18
15
44
12
17
24
33
14
28
15
18
33
52
19
32
34
20
45
11
56
13
20
33
23
15
14
12
81
15
8.3
13
16
13
17
24
19
11
44
65
9.8
20
13
33
8.2
11
11
9.9
22
11
17
30
14
11
13
11
17
30
14
70
52
15
38
13
11
10
11
15
13
8.7
11
11
13
18
28
13
33
12
22
8.8
13
12
41
7.8
9.0
9.7
9.1
12
11
7.5
6.8
18
15
13
19
13
8.2
8.6
56
9.9
9.4
8.4
8.6
13
22
37
11
23
9.1
9.8
8.4
19
14
17
15
9.6
11
35
9.6
8.1
6.8
30
11
59
12
8.8
17
23
20
19
15
18
15
33
17
14
43
23
39
30
17
40
24
17
42
24
21
17
12
34
36
43
28
13
39
34
27
15
17
24
14
15
14
31
24
13
31
26
28
35
16
17
18
8.9
10
13
47
11
9.8
9.6
67
8.2
9.1
58
76
12
13
9.9
122
9.7
8.4
8.6
18
16
9.1
24
19
9.5
11
9.9
13
14
9.7
23
8.6
26
11
9.5
11
9.0
161
8.9
47
135
9.5
40
7.9
9.5
15
80
9.0
39
9.4
9.9
9.6
11
20
20
32
26
21
53
16
47
44
20
12
14
19
38
15
12
29
24
31
18
21
23
12
15
22
38
21
22
16
11
13
13
47
12
29
32
16
22
28
17
12
13
67
24
9.2
11
7.8
9.2
99
37
8.3
10
9.9
9.7
13
9.9
7.4
14
7.8
9.1
8.2
8.6
14
13
8.7
6.8
25
18
20
11
9.7
7.5
12
9.1
36
7.6
8.4
7.5
83
21
58
57
13
19
16
11
11
11
8.9
8.1
12
253
25
15
12
35
30
23
44
23
32
16
29
27
48
52
22
19
51
34
35
19
16
13
45
42
32
41
33
45
17
32
20
22
25
16
15
24
24
18
20
19
28
26
16
19
15
42
20
42
46
43
32
16
14
39
12
12
11
26
7.1
14
27
16
8.0
8.9
7.7
35
12
7.2
13
7.9
10
7.3
18
7.8
13
8.2
8.1
13
17
7.5
9.0
12
15
9.7
24
9.2
8.0
13
9.4
9.3
11
15
8.8
7.9
47
42
25
20
30
22
41
33
15
32
15
27
31
40
19
21
20
48
49
18
28
46
42
35
28
20
15
24
29
14
53
45
36
26
27
20
18
24
7.8
39
8.3
20
9.8
28
9.1
9.6
11
8.5
9.4
12
9.5
14
13
8.5
9.9
22
14
12
26
9.0
11
11
39
20
14
11
129
24
15
12
122
15
12
9.4
14
41
138
26
21
19
16
7.9
8.9
56
12
31
29
21
9.7
16
42
13
12
40
11
12
16
16
20
12
13
11
15
12
38
26
25
13
11
19
42
28
30
11
11
37
39
21
9.8
13
12
13
29
23
15
15
30
15
10
31
9.6
22
20
24
12
12
9.9
13
31
20
8.6
20
29
8.6
99
15
60
9.9
15
8.3
53
18
8.1
16
24
10
14
13
12
36
17
119
9.9
17
9.3
9.9
11
8.6
13
12
8.4
11
9.9
19
9.5
41
31
70
16
11
11
12
12
9.6
19
30
11
9.8
11
13
34
132
8.8
11
12
11
14
8.1
35
26
13
23
22
18
30
9.9
8.9
11
33
46
13
26
24
28
9.7
9.2
31
16
15
9.3
41
14
11
15
15
20
17
13
12
14
21
11
12
13
38
12
14
25
7.5
18
9.1
11
8.5
8.3
8.8
9.3
11
14
34
12
18
8.4
8.4
20
11
15
8.0
8.0
15
12
9.8
23
14
48
7.8
132
13
7.5
7.4
9.7
8.9
8.4
9.9
9.9
8.8
8.8
8.6
11
14
7.9
29
8.2
13
16
8.3
13
10
26
11
11
19
14
16
8.4
8.6
69
58
50
13
9.9
39
13
9.5
11
8.0
9.2
8.4
18
7.6
12
12
16
14
12
8.2
14
9.3
10
11
8.1
8.4
26
8.3
13
11
11
9.4
8.9
12
28
8.8
15
9.2
48
27
25
97
8.5
11
16
9.5
9.7
9.4
14
91
29
35
11
27
19
17
12
12
12
16
27
12
13
11
12
15
62
76
14
13
13
35
19
87
87
17
12
12
15
9.1
9.4
11
9.5
22
13
11
8.7
310
21
20
24
11
8.0
12
7.8
13
11
8.4
12
30
8.4
19
6.8
22
353
8.1
13
12
30
13
8.5
8.7
11
17
8.6
28
9.8
23
12
8.2
30
9.0
9.2
9.5
12
14
12
6.8
9.9
9.6
9.1
11
8.8
9.3
17
21
14
24
11
13
10
11
12
13
14
45
9.9
9.8
14
12
10
11
15
9.2
12
8.5
55
12
9.6
14
12
22
46
9.7
21
9.7
13
14
8.8
14
9.3
12
34
25
25
20
18
15
16
26
14
12
37
14
17
15
13
11
9.9
25
12
8.9
9.3
22
20
14
33
30
20
39
12
26
13
13
11
23
9.4
17
14
19
60
13
12
11
42
20
20
21
22
13
32
12
13
79
13
15
20
70
34
11
14
98
8.8
83
16
21
11
11
22
26
67
11
19
68
11
12
12
9.1
8.3
8.7
11
7.5
8.9
7.6
8.5
8.3
10
62
55
12
8.4
11
11
11
9.6
13
12
17
7.3
11
139
25
19
59
11
8.7
26
7.9
9.1
9.1
9.0
18
8.1
21
8.5
9.9
11
78
77
206
13
14
38
9.1
16
12
83
127
9.7
14
9.7
11
11
54
22
11
14
367
15
22
46
9.9
9.8
11
40
14
257
26
86
16
68
17
13
14
75
51
15
144
15
53
19
16
11
24
13
39
18
327
14
20
13
17
16
42
15
12
84
13
29
9.4
16
7.7
19
7.4
25
137
8.8
7.6
51
206
7.8
8.0
11
9.4
11
8.8
8.9
9.2
15
12
9.7
9.4
8.4
40
8.8
9.4
11
18
7.8
14
173
13
13
13
69
9.1
8.4
11
69
9.7
7.6
14
7.8
15
21
50
8.1
117
12
8.7
19
34
24
88
111
17
129
263
115
19
17
31
38
20
24
39
19
17
22
20
43
187
64
48
29
83
108
16
95
29
43
90
25
28
149
74
17
53
325
13
30
28
26
50
64
39
24
18
26
76
15
17
19
286
19
41
52
34
56
155
80
212
61
16
43
17
29
42
13
45
43
69
12
23
68
26
12
20
72
43
9.6
19
10
15
78
49
11
16
67
13
21
11
13
26
11
16
9.6
13
11
12
18
51
11
31
14
11
15
38
14
41
17
26
13
18
11
15
13
30
35
13
28
42
9.7
32
30
24
16
12
14
22
14
12
20
47
56
24
16
13
60
67
17
13
71
11
18
11
37
34
19
12
59
25
33
32
22
53
17
53
14
15
19
8.9
17
69
23
14
14
13
22
22
14
13
13
56
25
18
31
25
17
15
53
37
8.7
9.3
13
14
11
30
9.6
23
9.6
46
12
13
12
77
23
102
14
12
21
22
43
17
24
10
37
36
14
15
50
11
12
12
21
11
15
16
15
43
13
11
14
30
10
162
9.6
19
243
25
13
12
41
30
12
14
286
12
29
47
17
19
117
36
22
19
14
20
16
17
55
15
26
21
29
27
15
17
30
74
77
41
16
21
33
18
36
18
13
28
21
14
33
17
16
16
16
38
17
20
109
17
130
96
68
17
25
22
20
7.4
12
13
14
8.3
9.3
36
89
9.5
7.7
7.0
12
8.5
13
8.1
11
18
17
12
9.2
26
8.3
12
15
14
11
14
15
7.7
8.4
9.6
8.0
59
75
139
8.8
8.6
11
13
8.2
16
11
11
10
15
16
14
16
71
14
9.5
12
54
14
11
11
273
15
12
26
13
11
26
11
160
11
13
20
361
9.4
13
27
52
14
12
11
8.5
14
13
13
18
11
42
8.1
107
26
46
34
13
16
11
12
13
11
8.6
173
15
22
13
12
93
347
9.0
60
15
22
270
13
23
101
32
22
21
21
138
34
16
35
281
14
15
34
24
18
19
15
54
23
22
19
36
17
62
53
24
40
87
255
56
19
95
304
333
28
249
122
308
44
302
240
48
38
162
27
17
227
35
83
30
186
25
47
14
70
16
27
12
78
295
26
67
60
8.8
13
11
13
27
14
65
9.7
11
13
14
95
10
7.5
12
9.9
11
14
14
11
7.3
13
30
15
9.7
9.0
38
13
42
9.8
12
11
8.9
7.7
9.7
23
11
19
9.7
11
13
136
14
47
11
24
9.3
20
9.5
8.6
13
23
22
103
253
16
10
18
12
17
7.8
80
11
131
15
99
12
7.8
8.6
10
19
9.9
11
11
17
22
14
11
11
12
9.6
7.4
7.8
18
11
11
12
11
14
19
16
13
12
8.0
15
26
7.5
13
44
9.3
20
8.2
26
13
9.3
37
11
40
11
13
8.4
13
14
63
338
11
8.3
12
17
14
21
7.6
11
12
19
7.8
142
14
11
25
13
9.9
15
8.8
9.8
72
12
104
37
9.3
14
61
17
15
8.5
11
15
24
12
41
9.0
10
40
9.8
14
7.7
8.2
8.5
23
12
46
252
78
283
78
35
15
17
27
18
19
21
13
31
102
89
29
20
20
283
63
123
13
20
69
17
37
16
11
25
267
158
31
323
277
21
26
14
63
336
284
15
344
41
31
73
305
34
13
11
12
11
20
16
14
12
8.5
86
39
13
11
37
11
18
14
12
12
24
28
15
13
50
15
13
12
18
9.9
94
17
44
11
9.9
17
58
19
9.9
70
12
16
34
11
21
14
8.5
8.9
13
17
146
19
68
29
32
24
14
24
340
301
33
14
20
23
257
35
15
260
16
25
14
112
74
40
191
109
33
60
14
18
14
38
218
45
39
259
38
11
344
13
14
303
24
129
138
15
34
69
14
94
14
270
19
31
13
11
28
21
15
225
80
19
335
21
111
39
38
14
199
289
18
107
214
222
13
52
17
57
15
16
17
176
17
90
30
335
12
11
20
108
66
12
332
14
26
23
26
25
17
11
12
13
9.3
16
15
339
18
13
100
8.2
9.5
9.5
15
9.3
13
24
29
11
16
15
258
49
29
19
11
11
62
13
8.7
8.5
12
14
78
8.5
31
11
9.9
19
9.1
12
9.1
14
25
9.9
9.3
18
12
10
9.7
58
11
9.0
12
12
14
8.6
11
14
8.9
207
7.6
28
14
8.8
8.6
8.3
8.6
7.2
15
8.4
23
6.8
9.6
7.3
9.1
19
15
11
9.0
8.4
16
11
27
20
8.2
114
9.5
9.7
15
11
24
12
16
16
8.9
7.9
31
12
147
11
9.4
18
294
30
11
9.8
7.5
68
62
11
11
34
15
24
19
25
18
106
22
21
11
12
12
14
9.2
21
11
39
14
18
11
13
14
12
11
13
13
11
12
11
104
13
11
18
46
81
9.7
37
12
77
57
16
12
15
13
13
44
111
17
99
13
16
31
17
14
30
169
27
22
14
15
15
18
19
13
334
52
11
13
18
90
17
75
124
12
15
43
169
14
16
12
25
46
19
24
13
35
12
30
12
14
22
11
14
11
20
47
12
14
24
13
88
18
38
100
12
91
13
12
15
9.5
36
17
23
11
17
15
14
14
15
32
9.9
17
15
16
14
54
12
13
81
19
14
13
14
49
16
13
13
25
19
49
66
22
156
44
67
16
26
18
35
116
24
147
45
251
47
45
26
53
25
58
24
139
35
28
45
62
100
27
35
92
69
20
29
84
45
239
38
37
195
36
77
19
23
18
30
52
26
92
63
20
46
22
72
21
147
42
36
48
17
82
28
78
20
18
33
14
198
51
38
207
76
17
298
133
106
22
26
22
31
96
109
16
17
37
277
27
61
25
260
17
40
73
152
17
17
74
30
20
41
24
19
25
43
20
21
28
14
15
11
16
20
53
25
12
79
139
43
38
11
41
13
20
27
21
13
15
15
18
77
16
15
16
17
19
37
13
37
14
12
115
13
17
34
28
15
16
18
37
13
16
14
102
21
15
24
20
61
24
78
9.7
20
12
12
8.1
8.4
9.0
10
15
11
9.1
8.5
27
9.7
9.5
8.0
14
9.6
12
13
9.2
9.9
22
15
9.8
12
17
7.6
11
7.9
31
10
11
60
8.4
13
9.3
8.7
14
38
24
7.2
19
11
8.3
48
11
7.3
8.7
31
15
9.5
8.8
9.7
8.8
9.7
12
18
17
140
14
50
25
79
13
9.7
12
11
21
9.6
9.6
16
12
33
13
16
14
14
205
197
32
59
119
15
13
355
12
9.2
15
9.8
13
9.9
9.8
13
12
16
15
120
11
63
347
35
22
9.5
18
12
33
18
52
90
12
18
23
31
16
28
15
94
22
19
11
25
17
14
16
15
24
12
133
26
12
15
21
133
37
26
23
15
18
51
58
30
16
18
75
25
14
54
27
19
16
21
20
42
45
106
14
15
44
7.8
27
13
11
55
46
11
21
9.2
73
30
9.3
85
8.3
35
13
64
8.0
16
8.2
12
21
29
11
19
8.6
8.6
9.1
12
8.3
16
8.7
9.6
9.0
14
8.2
33
14
11
23
11
32
8.0
9.4
13
9.5
12
12
12
11
34
9.2
66
13
8.6
7.8
14
19
28
12
21
7.0
11
8.6
19
13
8.9
9.0
12
12
13
65
9.5
16
78
11
8.2
12
9.2
12
30
14
8.0
8.7
29
12
13
14
11
11
11
43
12
15
12
8.9
14
15
9.0
25
13
44
9.9
11
11
19
13
21
15
15
17
16
17
16
15
7.9
9.8
26
9.8
9.0
28
12
19
53
14
17
19
12
9.7
12
18
20
12
7.9
39
16
19
43
40
23
22
42
37
28
16
51
36
15
26
20
16
19
46
25
17
19
31
39
32
16
15
24
28
44
25
45
47
27
17
25
35
18
35
31
38
15
29
54
18
23
33
30
148
22
16
63
14
39
18
20
31
87
78
26
22
56
20
17
106
43
20
33
144
24
19
31
18
16
45
17
66
18
66
28
44
182
20
141
31
16
45
92
21
26
21
36
41
39
86
13
31
17
9.4
9.4
52
7.3
11
9.1
9.7
8.0
7.6
11
41
12
8.6
11
18
9.0
13
13
7.6
13
8.6
16
8.3
15
11
15
7.4
15
9.4
14
17
13
31
45
9.6
8.9
16
7.3
9.0
8.8
13
8.4
14
34
9.6
12
53
6.9
14
9.8
7.5
22
15
11
20
15
75
7.5
15
13
12
9.2
19
9.5
9.4
13
12
17
9.5
13
15
13
8.4
49
12
17
11
8.7
8.4
13
19
11
68
15
12
9.9
9.2
11
13
64
9.0
11
13
16
16
8.6
9.7
9.2
9.5
9.8
7.4
9.1
66
7.2
9.9
7.6
7.8
11
13
9.8
13
22
8.3
18
11
9.3
60
15
14
8.7
8.5
8.7
8.6
20
9.0
11
8.6
13
11
35
9.6
8.9
14
7.7
11
15
11
48
38
15
14
19
11
19
9.6
9.5
9.9
29
11
28
46
12
9.8
22
8.4
8.6
21
12
9.9
13
8.8
10
11
13
9.8
10
7.4
13
25
21
12
9.1
11
9.0
12
70
11
11
11
21
14
11
77
15
9.2
12
9.9
21
12
11
16
12
9.1
13
12
11
8.7
38
11
12
9.1
9.4
18
53
19
8.9
33
11
29
13
13
9.3
23
54
10
7.9
12
9.9
10
9.6
9.7
9.6
9.6
9.0
15
9.8
9.0
13
9.7
19
9.6
49
7.4
10
14
8.5
11
8.6
9.3
13
7.4
23
13
9.0
18
58
7.8
8.4
14
8.0
9.0
12
23
9.1
21
8.1
15
11
27
11
9.9
8.1
9.2
12
27
13
9.6
32
39
17
14
11
42
42
24
13
15
18
33
18
38
22
16
16
20
17
39
18
16
23
14
26
19
12
14
18
26
21
25
21
13
41
19
13
22
40
35
31
30
19
15
29
24
21
28
25
24
34
29
42
19
41
15
32
17
19
16
21
16
16
14
17
28
12
40
13
14
14
41
34
16
26
13
14
14
36
21
30
25
17
21
21
25
44
14
14
27
15
14
16
13
32
18
24
17
29
15
27
39
19
25
11
13
34
23
27
13
16
20
24
13
14
27
30
39
50
20
20
13
13
22
35
13
7.9
11
11
7.7
7.3
8.3
13
11
11
8.5
9.3
12
27
16
9.3
54
61
11
8.2
12
14
8.1
13
39
11
8.7
25
22
8.8
11
11
13
12
9.5
8.8
15
47
16
13
25
13
11
12
46
21
13
9.9
7.8
13
9.3
17
11
38
7.9
8.5
39
54
15
16
23
34
27
25
20
43
15
32
22
48
40
29
19
20
34
46
25
16
25
16
20
14
17
21
13
45
20
13
25
21
38
16
19
29
43
20
17
12
22
26
34
17
16
15
18
27
44
46
24
45
38
12
34
13
12
11
11
8.5
7.9
13
8.8
40
13
9.1
7.9
7.6
8.4
56
9.1
12
9.4
7.9
12
9.9
8.2
11
11
9.7
8.4
13
70
54
11
12
11
11
9.3
7.7
14
8.2
8.4
9.6
18
11
9.8
11
26
8.6
16
33
36
7.6
8.4
11
14
54
9.9
22
11
8.7
9.9
16
16
16
17
26
16
25
12
28
12
11
12
12
20
21
12
24
18
15
14
17
15
24
44
21
43
15
15
19
17
32
13
35
13
9.8
27
15
33
20
13
30
17
24
22
11
20
12
25
19
16
19
11
11
70
9.9
9.1
21
18
14
11
9.4
16
9.8
9.4
9.2
54
14
15
9.9
50
54
11
23
11
9.4
12
43
15
14
15
8.8
103
21
8.4
12
11
7.9
11
23
15
9.9
17
12
16
86
39
18
122
71
17
133
11
40
14
11
9.1
13
43
12
15
12
13
22
39
11
29
16
11
17
17
14
42
14
28
12
35
25
12
11
20
32
11
22
12
13
25
8.7
25
13
21
13
40
22
12
23
17
14
36
8.6
29
14
27
11
12
14
8.7
14
12
7.4
9.2
18
7.5
9.0
8.3
11
17
9.8
30
11
295
8.5
16
8.6
13
10
224
22
9.3
12
13
17
13
103
16
8.7
9.6
9.8
14
8.3
16
20
13
9.3
9.6
35
88
15
8.5
17
11
34
68
11
8.7
41
8.5
7.9
7.7
8.9
16
11
9.4
11
13
7.6
9.2
10
13
11
44
60
13
8.7
8.7
13
12
16
11
9.2
7.7
12
12
13
15
8.1
7.5
8.5
8.8
25
16
25
38
9.6
11
13
11
15
27
9.0
9.6
13
8.8
9.5
8.9
16
8.2
31
12
15
9.9
12
98
52
49
8.7
9.2
41
11
11
15
11
9.9
13
77
11
8.7
9.6
49
14
11
32
22
15
11
79
9.8
11
57
18
25
13
11
8.2
14
12
17
66
34
38
9.6
9.4
9.5
68
24
13
17
9.9
10
11
16
43
40
15
100
12
24
14
14
9.0
9.1
13
117
9.7
30
14
8.2
13
22
9.3
12
41
8.1
214
12
9.8
8.6
30
8.4
11
8.8
52
9.9
8.2
13
11
11
9.5
11
14
14
45
80
22
8.0
9.4
22
11
9.5
9.7
17
9.8
12
12
14
65
9.4
17
52
36
97
45
11
12
11
12
12
23
14
42
26
8.5
14
30
18
15
12
45
35
16
12
14
12
25
44
15
34
12
21
18
13
13
11
9.6
13
26
9.7
11
31
14
13
18
25
12
33
12
20
13
46
18
27
28
9.5
9.2
14
9.8
15
9.8
19
12
12
11
40
11
11
14
38
15
87
11
14
15
13
12
86
20
14
13
12
49
12
35
13
34
16
40
10
17
13
9.8
15
61
16
37
13
17
13
89
13
13
17
25
13
17
8.9
14
65
17
10
22
26
13
8.7
16
9.9
8.3
9.2
13
35
9.7
8.2
13
9.3
9.1
261
7.0
13
12
7.7
12
8.6
9.8
7.6
9.4
14
15
8.9
11
9.2
13
12
8.5
11
9.4
8.9
8.6
13
7.6
9.5
7.9
7.8
9.8
33
47
9.2
35
7.6
13
11
18
23
49
41
181
23
52
65
66
30
289
28
20
29
50
146
114
63
65
27
27
34
34
22
281
46
211
68
60
47
32
25
27
35
21
239
41
12
11
21
13
22
25
78
14
12
9.5
18
42
73
19
35
13
30
11
38
15
38
63
13
11
13
25
22
24
13
17
9.7
29
71
52
26
12
18
12
11
19
12
13
64
19
8.8
17
11
24
19
14
23
50
60
7.2
9.4
9.7
19
13
15
7.3
44
38
9.5
11
14
12
44
7.9
9.6
9.9
9.9
8.9
24
14
11
16
41
22
10
11
12
9.0
14
11
18
9.2
9.5
12
11
12
19
55
33
9.7
8.4
8.7
9.9
11
8.2
9.0
15
9.0
12
47
36
9.9
12
31
40
74
27
18
18
24
37
26
17
13
27
16
11
31
11
25
31
26
13
27
61
12
9.7
27
21
14
15
20
25
14
25
13
19
41
12
16
14
43
11
72
12
70
54
15
42
21
11
21
21
15
13
42
24
8.7
12
12
14
12
13
366
23
11
233
8.8
20
15
11
9.9
14
167
9.8
276
12
9.2
13
9.9
13
16
13
27
96
21
42
9.9
20
96
71
18
11
19
11
13
11
15
18
14
25
29
7.7
14
9.1
8.1
9.0
8.5
10
9.7
12
22
201
34
7.0
11
20
13
8.3
13
13
47
17
9.3
12
8.9
7.5
19
12
14
7.0
8.3
181
7.5
13
13
9.0
7.8
7.1
9.7
9.2
34
47
11
9.4
11
7.6
34
102
12
16
8.9
52
72
303
30
21
16
8.6
13
15
11
11
12
14
13
8.1
11
13
16
12
13
8.5
15
9.5
38
37
9.8
101
11
10
21
25
18
13
14
9.3
9.7
21
51
8.2
17
6.9
17
90
8.2
8.7
9.7
11
13
8.1
11
11
26
8.8
12
155
8.8
8.8
8.3
7.8
9.2
91
8.2
8.3
13
16
13
8.9
9.9
6.6
13
83
16
34
49
7.1
21
7.6
22
13
37
13
13
9.5
8.9
15
11
11
16
26
15
200
158
274
237
15
333
34
19
71
23
96
117
339
33
27
71
337
49
20
79
17
93
16
274
43
22
23
46
20
39
33
338
342
36
15
21
71
220
58
22
36
55
24
22
29
52
12
47
50
15
16
12
20
50
15
39
29
15
23
19
15
12
31
37
23
48
14
24
16
17
14
38
30
51
15
16
13
20
19
37
59
19
54
55
25
28
28
26
31
17
36
37
51
22
15
24
29
29
12
40
16
26
23
56
27
23
12
44
20
53
17
29
33
18
35
18
22
20
21
20
26
15
51
55
24
24
17
21
18
16
13
28
51
35
42
25
13
9.8
23
346
345
8.3
8.9
44
52
20
41
12
7.8
12
114
9.6
7.6
16
86
8.3
11
9.1
7.3
9.5
27
21
8.6
9.2
15
13
9.1
135
9.5
11
194
15
14
71
8.3
11
12
190
9.1
14
10
31
9.6
14
17
9.8
11
8.6
12
54
152
29
22
15
8.8
30
8.6
15
149
13
97
19
7.3
9.3
10
59
17
7.5
14
9.3
9.2
13
8.9
8.8
9.6
83
8.2
9.5
55
15
10
9.4
14
15
13
15
27
7.4
14
7.4
11
9.2
11
9.9
217
25
8.1
11
14
36
12
11
12
126
8.8
8.0
15
12
16
11
9.1
27
15
8.2
25
50
9.3
11
9.8
15
11
43
11
9.3
8.2
19
27
13
11
12
14
11
11
29
8.5
8.7
12
21
281
333
343
23
43
211
329
20
51
28
12
22
121
50
111
32
14
24
20
16
13
40
26
151
22
37
260
54
282
27
20
46
94
45
12
52
26
97
13
40
31
220
19
7.9
8.2
7.5
64
13
330
7.4
28
7.9
8.6
8.7
9.4
25
9.9
11
27
64
31
11
8.2
15
7.8
13
16
49
11
8.0
82
16
12
16
16
9.6
9.4
8.1
10
11
8.0
17
10
13
53
181
12
268
17
22
20
25
21
49
51
31
49
13
14
16
36
232
18
13
75
212
95
14
298
23
16
287
24
25
20
14
346
13
32
33
31
20
83
313
264
177
50
51
11
7.9
11
15
9.4
8.9
38
9.5
11
8.5
13
9.1
9.8
7.3
16
7.8
8.2
14
11
6.2
7.7
9.3
14
14
9.4
9.5
14
8.8
18
48
38
10
130
8.0
8.9
11
9.4
9.2
11
11
12
12
8.0
8.1
11
9.4
12
14
9.1
23
13
7.4
7.9
12
9.6
26
15
144
8.9
9.1
10
8.9
9.6
55
11
7.6
187
20
8.9
17
13
11
12
7.7
14
8.1
21
9.3
135
12
45
12
37
9.4
10
9.6
9.1
9.2
8.2
8.2
9.5
13
9.2
10
8.6
9.5
15
31
14
8.5
12
11
13
9.5
38
12
13
15
106
69
11
20
21
25
114
16
9.2
23
9.4
8.9
9.4
44
113
19
15
9.8
28
42
17
11
23
11
11
11
9.4
9.0
12
11
14
11
9.0
136
37
12
9.8
12
8.3
85
44
7.5
9.4
8.7
13
22
280
24
8.4
7.5
8.8
11
8.9
17
8.7
9.3
7.8
41
12
51
355
13
11
9.7
8.9
13
9.5
15
15
9.3
27
8.1
12
11
8.2
8.8
61
9.4
12
13
9.8
9.1
11
9.7
16
22
15
16
38
28
22
70
15
12
15
19
27
15
14
11
13
11
14
15
11
12
13
11
80
67
50
10
54
11
9.7
11
8.4
49
27
23
15
14
37
32
26
13
11
9.5
13
13
11
9.3
24
15
14
92
13
24
308
74
14
9.4
91
55
13
27
11
21
364
11
13
127
32
303
12
207
182
11
76
11
14
113
14
65
11
12
34
19
141
12
26
17
16
9.3
239
15
35
11
13
228
346
15
13
45
27
12
29
19
35
24
74
24
18
27
180
110
23
38
144
62
38
38
92
36
47
23
67
21
18
137
35
88
23
31
217
19
20
242
34
190
32
21
54
16
16
23
114
8.0
14
11
9.6
13
13
12
44
11
22
11
13
13
9.8
9.9
9.7
7.1
7.5
12
13
19
12
18
8.3
7.3
8.1
9.2
23
11
17
12
10
27
15
8.7
11
8.1
8.2
104
39
283
25
42
29
37
60
51
31
227
58
61
106
30
31
18
276
24
108
39
16
18
53
81
17
216
77
77
26
44
17
22
66
23
26
97
161
33
20
167
43
17
54
21
28
140
18
60
12
14
15
21
17
14
30
15
87
13
21
16
72
14
15
16
13
23
30
45
20
49
135
14
16
78
22
14
20
16
26
15
101
41
17
22
15
56
30
14
57
14
15
21
17
13
12
14
24
16
11
67
32
13
62
11
19
12
13
36
11
27
15
11
11
23
13
14
360
36
23
11
14
11
13
29
18
18
9.2
11
11
9.9
52
15
302
9.3
25
13
72
48
11
75
11
18
8.1
9.7
17
135
109
80
11
42
37
75
112
34
18
22
17
13
17
13
15
14
20
15
15
38
14
22
26
14
22
16
14
27
12
126
24
17
25
42
12
14
89
15
90
36
48
23
21
105
19
14
22
14
130
18
15
48
14
30
14
53
42
19
12
8.5
8.3
11
16
8.1
14
6.2
9.8
15
11
8.8
9.3
9.6
12
17
15
12
9.2
8.3
12
11
12
14
20
7.5
14
9.5
12
8.9
9.0
8.1
16
12
7.8
11
9.7
16
8.2
9.7
14
14
12
17
9.8
11
12
22
11
11
9.0
13
15
15
17
30
39
29
14
91
98
21
21
103
23
106
153
20
72
167
39
177
60
25
30
29
21
126
29
26
80
26
25
32
51
42
26
83
42
166
31
28
111
54
17
19
70
41
177
41
20
51
8.8
27
7.9
16
16
11
11
7.4
11
11
8.4
11
9.3
10
13
13
12
14
56
8.8
76
15
29
19
11
71
11
20
43
17
17
50
9.8
13
18
9.8
11
18
8.9
45
22
14
24
11
39
16
14
9.4
19
9.1
10
11
19
14
9.5
11
46
9.8
11
13
29
20
29
40
39
11
29
11
18
11
12
17
12
14
11
13
13
9.9
42
14
14
8.7
13
22
19
22
21
21
11
23
9.7
12
17
17
12
9.3
9.7
15
28
46
110
20
36
28
47
29
16
53
57
27
22
23
16
17
86
61
16
16
15
24
154
21
133
22
24
30
23
181
23
16
80
22
20
31
53
12
18
34
32
27
20
16
56
12
11
11
23
9.9
20
6.5
49
7.7
12
11
8.2
16
7.5
11
12
28
9.6
12
7.4
15
9.9
11
9.6
8.1
12
12
9.5
14
26
15
9.3
23
11
16
15
46
84
185
146
44
45
97
39
32
22
18
19
21
195
29
107
17
43
31
24
31
196
30
16
18
19
94
64
93
16
28
20
154
28
26
23
65
70
26
30
42
18
14
18
21
138
202
18
21
16
18
24
15
23
20
12
9.7
12
9.5
40
12
14
12
11
9.7
68
12
7.7
11
18
17
12
22
23
12
36
15
9.2
15
11
22
8.6
41
9.3
79
14
11
12
12
12
35
8.6
11
13
11
11
11
13
17
62
14
9.9
14
16
82
9.4
8.6
19
12
20
13
12
12
12
14
8.5
13
13
12
59
14
9.6
9.3
14
9.7
29
25
93
9.4
61
66
12
10
11
11
9.8
11
30
9.6
19
26
20
14
8.9
29
15
34
87
8.4
15
12
11
22
16
12
11
9.0
35
9.0
16
40
12
9.6
11
12
9.4
11
10
24
6.9
14
11
12
15
8.7
47
16
12
11
23
13
17
12
31
12
11
9.2
15
13
10
15
32
20
8.7
21
24
13
15
8.8
7.0
58
8.0
9.7
16
41
37
20
15
16
12
20
27
20
17
23
36
47
17
21
11
22
23
26
24
31
27
13
16
25
40
37
13
34
34
39
16
25
13
32
18
18
15
22
8.3
11
52
22
10
11
11
8.9
15
24
15
11
12
13
9.5
9.7
11
15
9.1
9.3
55
7.2
7.2
25
14
9.1
41
12
28
13
34
36
23
13
16
9.3
9.7
24
13
11
13
9.3
12
12
23
8.9
12
8.7
22
37
17
25
30
21
23
41
48
52
18
27
18
37
22
42
26
31
36
25
38
12
20
58
25
41
15
13
25
19
50
20
54
32
21
16
21
40
17
15
18
26
29
21
21
57
17
25
92
17
17
16
13
9.6
33
40
11
12
16
13
14
34
12
18
15
10
32
16
24
15
24
90
12
24
19
22
12
12
9.9
34
15
32
52
74
12
16
16
45
12
13
12
9.3
13
20
8.4
20
11
13
73
13
72
14
9.6
15
29
13
8.3
24
8.1
8.1
7.3
47
59
8.8
11
17
12
16
11
14
7.9
9.5
11
24
8.8
26
11
75
8.7
33
9.4
8.4
33
19
9.3
9.4
9.0
12
56
14
10
11
9.5
21
9.9
11
14
15
17
11
9.3
12
13
19
13
20
8.3
8.4
16
9.7
9.8
8.0
12
34
12
9.3
10
9.2
40
33
30
12
40
19
13
12
30
11
18
21
18
21
19
22
12
29
14
43
32
13
15
20
22
24
13
14
12
16
19
40
21
19
11
39
39
11
13
30
15
19
38
20
14
38
21
16
17
21
19
33
12
11
14
25
18
16
15
11
9.4
26
13
24
9.7
17
13
11
14
12
8.5
32
11
43
13
42
13
16
13
20
37
14
9.3
45
17
15
35
45
27
13
18
12
14
26
16
18
19
13
11
11
15
11
27
8.4
12
8.2
8.1
12
8.6
260
10
6.6
9.1
8.4
12
8.2
68
8.4
8.5
9.0
11
116
12
60
8.1
11
7.1
190
148
25
9.5
19
8.8
7.9
15
8.5
32
11
11
14
9.8
9.3
11
19
15
8.8
11
23
13
75
13
57
18
7.2
9.5
9.6
12
42
7.8
31
9.9
8.8
9.8
28
9.7
6.7
8.6
14
6.8
8.0
24
9.0
13
12
9.0
11
11
15
17
16
11
8.5
9.5
11
12
9.0
13
11
62
9.2
12
8.9
9.7
9.4
13
7.9
13
10
25
8.2
52
35
9.0
9.0
8.9
11
30
7.4
17
16
8.3
7.0
11
13
11
9.1
15
9.3
7.7
13
8.6
8.2
11
37
9.2
11
11
11
11
22
8.5
9.7
9.2
9.0
14
12
13
13
8.5
8.4
8.8
19
79
17
59
12
7.8
13
9.7
15
11
59
30
84
15
24
15
8.6
11
9.3
34
11
12
13
18
39
11
13
62
18
21
14
14
9.5
21
11
11
9.7
85
12
107
12
20
17
9.3
32
12
11
13
8.3
35
12
9.4
11
14
9.7
49
13
9.2
9.8
12
13
12
15
49
11
11
21
18
11
9.6
16
20
13
25
12
32
19
37
13
11
15
34
9.8
18
8.1
16
15
11
9.0
15
49
21
12
23
12
15
9.3
11
12
9.1
99
13
11
13
16
12
63
50
75
21
11
14
25
10
14
9.6
14
11
14
11
12
38
15
12
20
15
23
86
9.8
28
13
33
15
15
11
35
32
11
93
59
8.7
70
12
69
65
11
12
9.0
23
48
12
9.0
42
11
9.5
47
25
9.4
9.3
19
17
17
11
17
9.7
27
13
9.6
31
20
11
9.5
16
9.0
11
16
9.9
11
13
12
11
12
44
9.7
29
12
12
20
13
10
9.1
9.7
44
20
39
40
9.3
7.6
29
12
21
17
8.3
15
18
19
12
16
14
13
20
37
9.0
11
9.6
15
8.1
9.5
8.0
11
12
9.6
14
9.8
12
194
9.5
7.8
7.7
12
8.9
22
24
14
8.0
8.8
6.7
8.3
8.8
29
107
15
13
35
9.2
50
8.3
12
8.5
8.6
9.6
12
11
25
12
9.7
9.2
11
8.4
24
13
11
8.1
19
8.4
33
17
9.6
8.7
65
42
13
12
14
19
13
7.9
12
8.4
12
8.5
12
14
11
6.7
14
11
16
9.9
6.7
12
12
8.9
12
45
8.2
11
9.0
9.6
7.8
11
13
13
32
12
20
44
13
13
76
63
14
29
11
11
15
20
22
26
49
14
15
11
13
14
12
16
78
18
22
15
43
25
11
51
11
11
13
14
17
10
63
73
21
14
34
14
21
44
11
47
9.3
8.5
12
9.8
15
13
9.4
17
13
12
35
12
9.3
9.1
9.6
7.8
21
12
19
11
7.8
15
8.7
31
41
11
48
11
11
14
11
24
9.7
24
12
14
8.8
9.6
12
9.5
22
9.2
15
24
42
9.5
13
21
9.1
12
14
13
77
24
22
53
11
11
11
27
49
15
11
16
16
35
48
38
37
17
65
19
12
17
30
57
12
24
15
32
79
16
46
16
9.5
14
9.9
18
11
60
11
68
23
19
62
11
16
13
48
38
29
43
12
40
11
7.9
13
8.7
23
11
8.8
44
7.2
41
8.6
9.3
18
13
9.2
12
8.5
7.4
7.7
14
9.9
9.6
17
7.2
20
13
8.8
14
157
11
9.4
10
11
8.0
41
17
8.1
11
12
14
15
9.6
9.5
7.8
9.1
13
11
13
12
13
8.0
229
100
7.0
8.3
11
26
9.9
11
11
8.6
11
8.5
11
11
9.9
9.4
16
51
15
9.5
16
8.3
19
18
137
8.0
74
11
13
11
24
28
8.8
13
12
11
64
12
35
12
8.4
15
36
26
14
18
18
15
22
26
12
27
38
26
30
16
16
14
19
29
40
16
21
19
19
15
13
20
45
40
37
16
32
18
40
27
14
18
22
35
13
34
43
23
14
19
22
19
37
14
13
15
14
8.8
11
11
8.0
8.6
12
8.7
7.8
127
9.5
11
9.5
11
40
9.0
7.1
7.6
7.8
18
8.3
7.9
19
16
9.7
9.4
13
13
8.9
11
46
199
12
8.5
11
11
9.2
11
8.3
21
13
7.8
10
151
13
24
9.3
9.2
13
12
15
11
28
115
27
35
26
36
352
25
339
15
18
115
20
55
18
29
143
29
21
347
20
52
79
29
223
22
34
22
12
168
39
42
14
41
104
26
44
79
183
47
18
19
173
28
87
276
21
31
134
61
270
20
231
16
57
19
34
15
60
17
26
17
15
47
44
12
12
18
53
16
31
39
16
17
13
20
12
25
26
31
18
26
24
56
20
26
15
15
20
34
57
17
50
32
51
31
19
55
17
12
12
14
30
44
22
20
8.6
31
28
24
14
7.6
9.5
9.2
11
10
7.7
14
9.3
11
8.5
21
12
11
11
20
12
11
17
14
7.3
9.7
8.3
12
60
7.9
12
8.9
11
24
41
39
21
12
11
11
12
12
9.2
21
8.4
13
30
11
14
16
13
14
31
54
48
13
51
17
11
51
49
32
20
33
22
41
46
34
19
18
40
20
49
14
31
62
22
25
24
26
24
21
25
17
44
23
53
32
49
13
18
26
14
25
30
12
26
22
17
19
16
35
30
20
37
17
17
17
11
16
18
24
9.8
14
8.6
9.0
47
9.5
49
9.5
8.4
12
40
35
10
9.6
8.7
15
10
11
10
17
11
13
15
23
9.2
15
12
261
14
9.7
9.2
11
12
13
122
19
9.8
11
9.2
9.3
11
21
11
12
9.7
9.8
13
8.5
7.3
11
39
13
11
133
12
8.1
74
11
40
13
9.5
9.6
9.7
8.2
16
29
11
16
9.1
9.1
8.8
18
19
24
12
15
11
70
9.2
37
24
18
8.8
9.1
11
40
17
114
8.7
18
11
27
8.7
356
9.7
12
15
15
11
300
20
9.4
8.9
9.0
11
9.8
9.9
11
43
9.7
64
7.4
7.8
16
13
241
30
113
11
12
15
14
8.1
161
9.5
15
9.8
8.1
14
20
11
40
16
8.9
11
8.5
166
50
23
7.6
88
9.2
8.0
9.1
18
9.9
18
13
11
24
10
11
7.7
18
8.0
11
8.8
7.7
11
14
28
15
14
8.5
11
15
7.7
8.7
11
9.0
17
9.1
11
9.7
8.3
140
202
7.3
8.7
6.8
9.1
248
9.0
7.6
24
7.4
15
7.5
11
9.1
16
11
14
37
9.3
22
9.6
286
33
10
8.5
45
7.6
12
11
53
235
39
240
24
20
30
45
274
14
12
27
23
326
24
13
120
21
132
31
115
68
38
24
268
19
15
335
333
60
65
114
18
13
79
12
33
18
26
58
16
85
281
17
24
14
7.9
7.3
20
8.3
316
8.0
10
8.5
75
11
7.6
17
16
14
12
14
14
58
7.7
7.8
13
12
35
12
8.3
11
9.0
41
28
9.8
11
18
8.9
30
95
12
8.3
11
8.9
11
11
7.7
75
8.0
11
14
17
12
9.2
11
267
41
32
11
8.3
9.0
13
16
12
79
8.4
8.0
8.9
23
8.8
9.9
31
166
13
12
10
65
11
44
8.9
18
11
9.2
337
14
9.7
11
12
11
12
15
21
13
12
12
11
23
20
15
13
13
34
30
16
11
24
18
15
11
9.9
15
70
24
8.6
13
9.3
34
8.8
68
18
7.8
14
11
13
85
15
75
14
42
21
27
14
11
8.5
9.5
12
8.8
11
10
61
83
11
14
21
57
102
11
9.1
91
14
15
40
8.6
15
8.6
75
9.0
12
12
8.5
58
20
7.9
11
29
24
7.2
8.8
8.9
21
15
11
27
9.6
9.7
15
8.5
14
12
11
19
16
9.2
11
22
9.8
40
7.9
8.1
17
14
13
19
8.6
9.4
7.4
25
61
9.7
11
48
44
287
17
214
154
11
19
20
21
45
13
15
27
67
287
20
83
19
22
61
12
15
148
12
27
91
20
35
26
14
27
39
20
254
36
20
15
22
8.5
11
14
12
19
17
19
30
11
11
13
40
19
9.3
14
16
22
21
27
37
13
11
14
75
12
16
20
82
102
11
19
14
13
15
12
12
11
11
8.5
11
10
15
13
14
54
94
14
11
11
12
7.4
15
9.4
9.6
12
8.7
16
6.5
20
31
9.0
8.5
11
8.2
7.4
186
6.6
9.2
11
7.4
77
9.5
8.7
6.2
7.5
18
8.9
12
12
12
29
9.8
22
9.3
20
8.4
13
12
8.0
12
7.9
9.6
255
9.6
9.9
9.0
12
12
13
40
7.4
7.8
54
9.9
8.6
71
8.6
17
15
15
27
11
18
74
15
13
157
53
40
28
62
19
14
28
11
51
14
133
12
17
23
30
222
24
18
19
12
12
16
58
12
18
362
26
19
57
22
16
79
38
20
24
18
27
41
20
56
78
22
17
21
127
44
138
18
27
20
16
18
20
18
37
36
36
21
225
95
35
24
37
225
96
75
30
23
180
17
37
16
119
171
44
18
20
20
55
52
20
29
16
63
21
29
54
13
76
20
38
9.3
157
11
15
10
11
332
12
8.9
7.0
58
9.0
176
9.9
29
13
12
13
8.7
6.8
25
8.2
17
12
8.7
9.9
11
11
11
13
9.2
8.8
27
125
18
8.6
7.4
7.2
14
7.7
9.1
7.5
9.3
9.7
62
15
255
50
7.8
12
11
47
118
47
20
37
21
18
30
41
76
21
44
25
16
107
34
36
190
21
43
17
105
19
209
33
51
47
38
144
261
161
27
28
212
28
24
21
74
56
27
42
275
40
23
166
25
7.1
10
46
13
9.5
15
12
8.4
7.2
8.7
11
29
14
9.4
9.3
9.0
9.0
32
8.3
12
9.2
11
17
16
14
15
7.9
12
16
14
48
16
8.8
37
11
9.2
7.8
7.6
91
7.5
51
44
24
15
11
13
18
15
15
15
86
14
119
17
36
15
15
20
29
14
19
14
21
19
18
13
48
102
68
16
12
23
23
12
38
15
18
14
60
16
15
25
125
13
13
17
31
17
9.7
12
17
14
43
299
13
21
182
157
20
10
15
28
15
18
31
45
12
16
278
36
61
16
12
16
12
17
27
17
9.4
99
12
16
12
9.9
13
12
11
18
58
217
16
20
11
11
9.7
11
219
124
27
110
34
319
362
306
35
15
68
87
122
19
17
90
18
42
325
166
15
214
48
17
28
285
184
19
77
14
37
49
27
30
117
73
62
33
237
109
250
38
23
12
42
79
18
25
55
10
35
9.0
9.0
11
9.0
11
40
9.4
12
15
13
8.1
30
7.8
7.7
11
11
12
9.0
29
12
46
9.0
12
9.3
8.2
10
9.7
6.9
28
12
12
14
24
11
9.6
29
9.3
8.3
7.5
8.2
13
48
43
12
29
9.0
11
8.6
14
11
8.6
14
11
13
7.8
14
23
64
86
24
331
29
92
50
15
98
51
335
20
16
42
41
27
211
24
155
24
21
38
16
34
153
25
131
55
26
53
55
17
202
23
65
43
34
24
119
33
41
16
112
19
98
120
18
117
35
18
21
21
15
69
21
17
17
165
17
19
17
25
69
14
39
122
26
79
88
28
67
166
48
36
27
24
175
28
38
15
22
110
13
29
101
22
36
15
19
18
25
51
20
14
15
29
21
25
76
54
64
154
17
18
11
7.6
7.4
11
9.3
74
17
30
8.6
13
11
9.9
8.6
9.2
7.6
8.6
8.0
20
13
8.9
17
9.2
11
7.7
8.4
14
13
9.0
8.2
61
68
11
13
9.1
7.8
13
9.5
14
34
7.2
8.0
8.6
12
9.9
43
8.4
7.9
30
8.9
7.9
9.0
8.6
8.2
7.4
33
16
9.6
8.0
8.2
8.5
82
13
11
8.6
23
42
13
159
16
8.4
25
13
11
15
15
11
13
8.5
9.0
11
33
105
11
9.8
16
12
54
60
16
11
19
13
64
40
23
12
8.6
16
9.3
305
11
12
18
11
23
35
16
17
16
17
21
19
15
22
16
19
111
16
46
79
67
197
22
18
27
22
20
49
67
125
24
24
22
16
19
33
18
27
37
18
80
37
16
72
51
29
44
16
14
45
15
51
21
14
103
23
24
33
21
172
17
20
144
20
80
18
58
23
28
11
11
9.8
14
12
46
11
77
15
11
24
8.9
13
11
16
54
8.9
9.5
18
14
13
22
11
9.3
7.6
26
19
8.5
14
9.4
18
13
12
11
9.9
13
8.9
18
40
14
8.5
15
15
9.5
9.7
9.1
7.5
15
9.3
12
12
25
9.9
23
26
339
18
11
51
26
24
12
342
13
63
25
337
150
20
15
71
21
61
11
41
23
48
189
319
72
104
17
32
319
23
68
17
86
64
21
28
19
13
19
181
23
29
21
16
334
17
56
19
330
53
324
160
28
15
13
12
25
8.6
14
8.8
36
9.4
53
11
20
7.4
12
12
30
11
17
11
19
10
11
12
17
9.9
11
9.8
19
11
29
13
15
9.4
79
9.1
65
17
12
9.5
8.9
7.6
18
11
70
13
18
14
11
11
49
12
9.9
9.0
11
12
25
11
12
7.6
12
11
9.6
9.3
24
11
7.8
28
12
9.3
24
55
32
9.2
9.6
8.3
45
13
12
14
14
39
16
11
9.7
12
17
58
15
7.6
13
9.4
8.9
8.2
34
18
9.5
9.5
18
14
16
17
22
17
26
34
27
38
19
17
20
27
24
28
17
29
41
18
27
15
51
27
15
41
24
15
27
36
17
36
40
19
16
29
35
18
43
33
11
13
15
27
33
17
12
22
14
29
16
17
30
14
35
22
35
48
28
14
34
12
9.6
47
9.9
71
15
11
10
12
9.2
30
12
13
17
10
9.6
8.1
15
19
11
52
11
9.6
14
14
16
16
95
28
11
12
12
10
14
26
15
9.4
15
21
25
9.3
15
20
11
14
12
93
14
14
8.9
10
11
7.9
9.4
23
9.9
45
20
13
8.5
7.6
11
39
8.2
7.9
41
9.7
35
8.4
12
12
11
11
9.6
21
8.9
8.9
12
13
14
25
9.5
11
12
15
8.0
13
11
50
9.3
8.3
14
8.7
11
15
12
59
17
8.7
7.2
11
8.3
39
18
95
16
17
21
8.8
10
72
16
13
15
13
11
12
13
14
14
13
9.9
19
15
27
79
23
11
13
32
14
22
13
18
16
11
9.6
24
9.7
56
22
18
13
14
9.3
12
93
16
15
37
7.9
15
19
9.7
12
15
8.3
6.6
7.0
17
35
69
9.9
9.2
9.4
8.6
12
9.2
8.6
9.2
9.8
8.2
9.9
21
8.4
10
43
8.8
8.3
8.2
8.1
8.3
9.2
31
9.4
18
12
11
14
14
24
26
27
16
13
34
11
16
12
45
9.9
15
18
33
17
26
40
20
18
23
16
18
16
15
24
11
16
22
18
11
14
21
15
12
25
17
12
13
28
47
15
15
28
12
31
12
16
17
22
15
17
18
8.0
66
38
19
9.7
9.3
13
13
11
12
8.0
9.6
11
12
8.9
14
10
19
12
8.2
8.2
11
45
13
9.3
15
8.0
11
9.6
22
9.8
46
14
28
12
9.7
10
9.7
11
62
12
37
12
17
11
7.6
7.7
8.0
7.4
8.1
14
9.5
17
8.9
9.9
22
9.8
11
7.8
25
14
9.0
13
57
25
7.7
14
11
9.8
27
11
16
18
18
9.6
11
9.2
12
9.9
8.0
11
21
11
7.9
9.6
9.8
9.1
64
13
45
11
8.7
8.7
10
18
11
19
9.2
15
40
8.1
32
9.4
20
16
39
16
17
12
16
12
9.8
14
13
40
29
28
22
37
13
26
15
36
26
9.5
39
9.7
15
18
48
17
12
18
13
15
29
31
12
39
11
14
43
11
33
12
18
12
11
11
11
16
15
13
12
37
11
13
11
22
11
13
13
19
20
19
12
21
8.9
14
14
11
11
34
21
9.7
9.7
24
21
44
56
11
11
9.7
32
12
9.1
16
14
21
15
12
9.1
19
12
14
9.4
48
12
38
11
11
13
20
31
12
13
18
15
18
14
32
11
12
23
12
49
11
13
15
10
8.4
9.7
20
9.0
11
12
12
9.7
8.6
25
12
18
14
37
16
47
8.5
9.9
20
18
8.5
18
8.5
49
18
21
26
9.6
19
14
16
48
16
15
9.7
7.7
11
13
8.5
27
10
23
9.9
8.6
20
8.4
8.5
11
11
99
15
9.7
9.1
8.8
9.5
8.7
12
8.7
12
123
171
8.8
20
39
7.0
7.0
26
46
9.9
8.6
77
14
8.4
129
7.9
9.5
8.6
8.2
13
62
11
14
11
11
15
21
9.6
246
8.6
7.9
8.7
7.9
12
53
8.9
7.6
9.8
8.6
8.7
14
11
9.2
9.5
8.1
10
13
9.9
7.9
21
14
10
26
8.0
11
34
16
6.7
26
13
13
16
8.4
11
12
12
36
73
8.4
9.1
11
14
8.5
65
11
48
7.6
15
11
8.7
13
13
12
8.7
11
25
20
15
12
50
11
13
18
8.7
29
14
7.2
7.8
9.9
11
9.5
12
9.7
11
16
8.2
14
57
8.3
27
16
7.7
8.7
56
9.7
12
9.7
8.7
9.5
28
26
11
15
10
14
11
21
55
11
16
14
16
31
34
48
13
19
17
81
13
16
39
15
12
11
22
56
16
12
25
72
9.6
24
13
42
11
15
64
10
12
28
94
9.8
38
61
16
30
11
18
16
34
35
66
16
10
20
23
11
11
13
12
8.2
37
12
19
30
9.5
38
46
15
25
42
8.5
9.9
7.4
21
14
7.8
12
14
13
12
11
11
14
11
12
18
13
11
12
13
11
23
14
49
11
12
8.6
7.1
11
14
11
11
11
13
14
25
56
14
35
18
9.7
26
72
20
16
17
14
68
17
13
16
20
18
12
36
19
62
14
20
20
12
18
22
38
10
15
64
69
12
13
44
18
20
19
15
21
17
16
19
44
33
37
27
18
18
17
39
22
27
32
15
20
38
21
30
12
17
23
22
25
16
38
32
16
16
34
14
43
21
39
30
38
20
47
39
21
20
39
37
26
33
19
21
9.6
14
13
9.1
18
29
12
11
11
8.8
12
13
8.9
11
9.5
9.4
7.6
19
13
7.8
9.1
58
26
11
11
11
13
8.6
12
11
13
12
9.3
12
16
11
9.1
8.3
9.4
53
8.5
20
37
9.7
73
122
9.4
19
8.4
13
18
8.2
12
7.2
28
16
13
29
21
16
15
28
13
35
15
14
32
29
20
40
37
15
13
32
18
15
37
45
29
20
39
24
32
25
18
33
15
42
49
41
26
17
15
18
22
23
39
15
18
34
31
35
19
21
19
21
18
45
59
53
21
18
14
14
56
12
37
13
24
19
24
15
27
11
16
15
21
23
48
15
16
24
36
26
12
9.9
55
12
22
16
55
14
30
22
65
19
32
32
55
14
46
12
58
59
12
14
15
17
22
16
23
32
28
32
22
57
11
12
9.8
17
15
10
17
10
13
18
8.3
8.2
15
26
11
8.5
11
18
36
11
11
12
8.6
10
12
43
42
9.5
13
8.3
23
13
61
10
9.4
15
10
11
7.8
11
9.7
21
8.3
8.8
9.0
13
57
12
9.3
13
31
22
11
13
49
14
39
43
58
35
21
21
12
23
29
20
32
13
13
28
28
24
22
26
22
18
14
27
23
50
24
13
52
48
17
18
34
18
31
23
18
17
36
34
24
46
7.3
14
13
7.3
13
195
8.9
11
17
24
17
8.0
14
9.9
9.8
12
7.9
25
7.7
17
106
10
8.8
35
19
17
98
8.5
33
8.7
7.8
15
22
32
7.7
11
8.3
14
8.5
7.8
12
11
19
16
8.0
9.7
13
11
58
12
12
10
10
12
33
14
9.0
8.1
7.8
18
16
12
8.9
32
12
39
12
13
13
23
12
160
13
9.5
9.2
19
17
247
21
70
10
12
9.4
11
25
8.3
17
11
67
14
8.9
11
9.6
9.1
9.3
85
26
9.2
308
13
13
11
9.2
364
9.0
16
34
11
8.4
16
10
9.0
52
106
8.8
18
11
11
8.3
12
9.1
22
8.3
25
8.4
10
14
20
11
8.8
9.2
11
8.0
16
12
22
9.6
20
31
8.5
11
8.7
57
9.2
111
11
12
11
7.0
43
12
78
16
13
9.7
8.9
14
24
133
15
8.5
12
12
49
9.5
9.5
9.5
13
8.2
17
35
12
9.3
37
16
10
44
107
12
13
9.8
13
12
13
10
13
11
16
11
9.6
8.9
9.2
13
12
62
124
11
23
23
14
31
63
109
15
13
9.1
11
16
9.1
12
9.6
74
44
12
30
84
12
8.3
14
12
8.0
14
21
11
8.7
59
9.9
14
11
7.3
10
7.5
8.4
12
10
8.3
8.0
13
8.6
9.7
9.8
9.0
14
12
6.8
15
9.7
14
8.8
15
109
11
14
7.7
9.6
8.3
11
22
11
15
85
7.2
11
8.4
165
7.4
9.3
11
33
59
351
42
51
22
24
35
22
16
309
23
12
29
214
13
13
12
20
18
37
28
98
13
24
23
189
48
154
17
12
61
20
274
15
24
167
36
58
32
276
18
16
34
329
84
15
36
57
13
53
14
231
63
12
15
260
13
249
22
28
39
21
46
40
14
44
19
35
26
15
18
23
36
14
22
14
26
14
19
17
17
12
22
41
18
42
34
18
28
16
15
22
21
34
18
36
34
16
19
41
25
41
19
25
32
33
44
36
21
40
25
19
36
48
27
20
51
19
24
28
28
26
20
50
16
19
21
22
23
9.4
10
30
11
11
8.5
9.0
7.9
18
7.6
28
10
38
16
9.8
93
18
18
9.1
51
7.6
7.6
8.0
12
138
13
8.1
10
8.5
7.0
9.3
263
18
7.6
40
9.2
9.9
9.0
9.6
236
16
9.6
191
13
11
9.8
14
157
12
24
9.3
8.1
9.4
11
16
7.9
8.3
24
42
15
22
17
16
19
20
20
20
23
20
43
15
22
18
19
34
27
17
34
23
14
29
26
19
16
16
34
16
35
20
38
16
20
19
17
20
32
45
20
32
35
30
32
13
34
24
17
14
28
24
42
20
30
38
46
27
20
21
12
8.5
12
88
9.4
48
8.9
8.6
80
13
102
9.0
8.2
9.8
13
45
7.3
9.0
12
8.5
11
16
9.9
9.1
20
223
11
29
9.8
7.7
12
11
9.1
15
14
12
9.3
29
8.0
9.4
14
9.3
21
8.3
7.5
17
15
8.7
8.7
322
17
13
8.1
20
23
14
11
13
37
59
11
13
9.6
14
33
11
15
16
37
27
13
61
10
13
8.9
11
21
12
11
9.1
13
14
8.6
9.4
13
59
14
32
8.1
50
30
19
9.3
25
9.6
17
12
29
12
25
9.0
7.9
14
16
16
121
20
28
11
11
9.9
7.8
234
14
9.1
9.3
14
8.7
24
14
11
326
8.6
8.6
118
161
9.9
12
9.7
9.9
36
8.5
16
14
9.9
12
11
188
9.1
19
11
17
16
46
8.2
113
18
13
9.4
7.5
9.9
9.0
8.4
41
83
38
18
11
9.4
12
12
13
18
111
22
13
14
61
11
15
11
65
21
320
55
14
328
29
15
16
28
19
17
11
90
321
41
37
13
14
16
25
13
331
45
31
14
43
29
16
21
348
21
20
12
93
14
13
124
156
350
12
23
14
340
29
149
342
18
33
20
19
177
50
13
30
66
16
14
14
9.4
9.6
12
9.0
7.5
13
24
9.5
9.3
9.9
8.3
11
12
8.4
7.3
7.5
11
8.9
11
12
17
126
8.2
13
8.8
24
9.9
81
7.7
12
9.2
29
16
8.6
20
56
6.6
9.8
278
15
12
9.6
12
208
66
28
18
228
21
28
12
25
17
10
130
11
19
283
90
59
309
73
126
237
13
19
49
14
167
15
16
13
15
19
99
15
56
13
44
39
12
18
200
32
16
82
157
13
13
21
13
17
11
13
35
343
19
20
21
288
16
83
336
14
19
11
11
14
226
33
21
12
20
9.7
8.2
12
6.8
11
9.5
18
9.3
9.1
7.6
8.6
11
47
11
8.6
18
7.8
11
6.7
12
11
11
53
19
12
38
23
8.4
7.0
11
43
14
9.7
11
9.7
16
11
12
11
9.0
7.6
13
7.1
13
16
15
80
8.7
7.6
9.3
23
73
8.7
9.1
6.8
7.3
23
9.0
12
49
185
9.0
17
21
36
11
12
18
36
59
24
25
43
39
94
20
171
21
105
75
37
19
54
31
20
18
35
19
16
77
129
39
26
17
52
17
104
38
50
69
21
19
55
28
46
170
44
216
21
21
218
28
40
20
18
22
8.8
9.7
7.8
12
19
7.4
12
9.1
52
18
7.1
353
8.3
9.5
8.0
13
22
13
13
9.7
8.7
12
14
8.8
88
8.4
8.1
7.5
25
88
7.8
11
8.0
16
112
11
11
13
8.3
8.9
12
10
15
13
35
16
11
34
9.2
7.8
13
30
70
112
18
56
19
18
24
40
205
23
20
26
30
18
22
25
23
47
23
68
94
17
65
31
22
133
150
80
108
25
20
15
22
162
36
23
202
16
27
47
33
19
105
41
43
30
44
24
35
55
28
26
24
17
261
69
27
267
45
213
55
29
29
18
16
43
45
28
58
32
13
12
14
13
97
12
9.3
18
8.7
11
25
9.9
21
11
38
22
12
9.8
9.6
26
46
54
71
49
30
10
12
13
17
15
14
92
65
8.9
30
31
16
16
14
23
16
59
14
15
13
18
66
18
8.9
11
13
31
14
344
9.4
7.6
69
16
14
247
9.6
15
9.3
13
9.5
16
9.3
39
11
8.0
7.5
12
8.5
19
114
18
12
8.9
17
14
12
8.4
7.3
55
18
22
25
7.3
17
7.9
16
8.7
7.3
28
9.9
12
12
7.4
7.5
9.4
11
8.7
11
171
11
8.6
7.1
9.6
9.3
9.9
7.8
9.9
12
64
39
276
16
14
13
145
51
11
12
13
20
230
120
11
349
14
40
27
11
289
12
13
176
11
16
89
30
13
11
23
11
26
15
141
19
17
16
11
13
11
13
67
50
15
13
13
120
13
19
22
17
23
53
20
15
19
12
20
16
24
12
73
120
12
13
14
11
23
25
12
39
33
12
35
14
17
99
22
11
14
23
28
37
15
11
15
85
17
12
13
54
13
24
60
23
13
17
6.7
12
21
15
19
12
7.1
11
11
15
15
7.8
21
9.6
148
26
8.4
8.2
9.7
33
9.0
11
32
9.1
13
9.2
7.9
13
11
11
7.7
22
8.3
7.4
8.7
10
9.0
9.6
8.3
12
16
13
8.9
24
13
9.2
9.7
7.3
11
57
15
364
22
16
34
30
359
12
36
11
12
12
25
15
20
11
36
86
26
8.7
12
11
36
40
154
13
11
9.7
12
11
75
12
16
14
9.4
15
12
54
15
99
10
80
47
13
19
39
14
21
9.8
139
34
12
12
16
11
14
23
11
16
29
21
24
33
140
87
56
17
183
58
21
281
19
38
72
37
18
24
26
19
41
22
50
196
17
248
32
228
57
60
20
28
18
337
16
32
23
30
22
28
89
47
45
21
63
22
158
67
128
26
310
89
136
49
144
337
21
23
20
44
56
37
27
8.0
8.4
25
9.1
10
11
8.2
77
7.6
9.3
8.4
14
9.0
11
9.4
9.4
59
11
11
9.5
8.2
8.4
9.6
59
12
9.0
90
14
12
16
11
8.3
8.1
8.8
7.7
9.3
14
12
12
16
12
11
14
16
66
9.2
19
14
11
15
11
7.3
11
9.6
8.4
7.7
11
13
11
16
9.8
18
8.1
8.5
9.6
256
20
18
37
64
16
46
81
52
31
354
144
37
25
156
20
55
16
123
81
114
36
43
69
19
225
126
252
49
27
198
99
23
327
88
16
142
79
326
29
23
220
27
38
36
319
26
23
357
21
152
17
68
45
88
23
47
16
18
22
16
20
32
23
32
19
23
63
18
45
52
44
18
36
17
38
15
34
94
23
17
18
15
18
47
13
24
20
153
36
16
16
65
21
14
21
9.1
27
10
15
13
14
20
78
12
12
11
12
13
33
15
13
38
14
93
9.6
18
13
10
9.2
13
214
12
37
14
15
9.6
11
364
11
14
7.9
25
212
19
13
17
11
15
8.5
122
14
9.6
47
11
11
15
148
19
8.3
16
18
174
16
24
23
27
39
45
20
101
24
31
194
17
19
32
58
86
116
35
51
28
17
23
41
17
22
14
22
21
71
27
29
21
19
26
33
18
57
66
60
23
33
14
149
20
14
19
46
15
13
9.4
9.1
39
13
93
8.8
13
25
11
8.0
14
8.9
12
13
7.6
23
9.3
29
50
19
61
8.1
12
16
14
9.6
13
15
9.9
37
10
20
75
14
15
11
11
73
9.5
15
7.3
34
27
182
325
306
18
18
14
13
25
320
70
227
14
37
18
81
347
62
19
63
26
34
302
345
69
46
106
29
259
29
50
25
336
25
31
17
12
125
17
248
35
32
33
152
89
339
14
58
12
19
17
13
11
18
17
9.8
25
11
13
9.8
11
11
12
16
8.7
9.2
16
8.0
16
12
47
13
13
9.8
14
13
13
11
13
22
39
12
12
60
9.2
12
9.8
11
34
17
13
17
12
8.2
11
25
13
91
11
16
14
68
10
17
15
56
15
14
13
11
9.4
13
96
13
17
15
8.1
8.7
28
20
9.9
12
12
84
12
14
17
12
28
19
26
49
68
8.4
20
14
17
19
38
16
9.8
8.8
44
12
15
11
13
12
17
27
9.6
12
67
55
15
13
339
14
14
122
27
14
32
27
342
15
350
37
44
15
23
27
15
324
303
18
45
22
17
349
15
15
18
78
22
43
168
327
25
285
113
20
34
16
9.9
33
15
12
31
15
28
26
18
12
19
14
12
11
9.6
57
12
82
9.2
15
19
12
13
14
9.9
32
27
8.4
103
43
14
32
15
9.1
11
14
45
9.4
38
11
15
25
11
14
11
11
15
15
13
42
24
12
11
11
22
18
14
9.9
16
64
9.5
12
11
13
25
13
13
15
11
9.0
65
9.9
8.4
17
16
8.3
8.3
8.7
7.3
7.2
11
18
8.7
15
9.2
11
30
13
8.4
9.6
13
9.0
8.6
9.2
9.6
8.8
65
8.6
16
18
11
12
20
8.6
9.9
9.9
11
34
8.9
11
19
12
15
28
22
33
19
17
43
25
11
25
15
16
42
20
28
11
26
40
12
29
14
13
14
17
33
12
17
14
11
15
23
12
14
34
24
27
17
35
13
21
14
14
15
13
31
41
11
14
12
19
26
28
13
13
20
43
17
15
115
15
34
12
11
13
18
32
25
11
12
12
9.1
115
50
13
19
13
27
16
12
63
13
13
14
17
13
15
17
35
12
46
13
14
15
38
20
7.6
13
9.0
12
11
13
30
10
8.2
12
11
9.3
7.8
11
61
8.9
42
9.5
11
12
22
6.9
8.6
8.9
8.6
13
14
65
11
9.7
21
21
12
8.1
8.0
13
13
16
11
33
15
15
17
12
24
15
7.8
33
39
14
14
110
18
15
22
11
14
19
14
49
61
16
13
16
26
130
93
27
13
70
12
13
46
15
17
11
30
24
12
20
21
13
17
19
13
22
14
24
14
17
11
35
9.2
14
35
12
15
21
13
52
7.2
9.6
11
7.8
14
9.7
13
13
7.9
17
12
30
9.8
12
9.6
23
11
9.2
12
11
9.3
7.8
20
8.5
35
12
8.2
12
8.3
11
13
33
8.5
13
12
9.0
12
66
10
17
9.1
7.3
8.4
13
65
11
12
20
15
11
7.2
9.4
11
12
38
9.8
9.8
13
16
38
19
31
13
13
22
27
15
13
12
20
28
20
37
23
11
26
9.0
14
11
20
9.0
13
13
9.6
39
22
11
16
24
11
15
36
13
13
12
11
9.7
23
47
15
11
11
39
38
13
37
21
21
15
12
12
11
13
15
9.4
19
13
28
12
29
7.1
7.5
11
34
8.0
16
8.4
11
256
11
8.7
11
7.2
13
16
7.7
9.0
9.7
17
7.8
9.7
11
10
98
9.4
8.1
9.2
21
13
22
8.9
6.6
12
15
14
9.1
12
19
9.5
7.7
8.8
10
9.6
9.1
15
12
47
14
19
9.3
8.4
7.7
30
11
18
8.6
7.6
23
14
8.1
8.4
9.0
12
11
12
10
42
11
12
11
13
16
9.6
14
14
11
8.1
8.0
8.0
7.8
7.6
30
8.4
9.0
9.8
8.5
16
10
11
11
7.9
8.7
9.1
76
11
9.0
8.6
15
9.3
9.7
11
38
11
67
17
11
11
11
7.4
50
24
9.8
12
16
12
8.0
11
9.8
11
8.7
19
12
18
8.5
8.9
8.9
13
8.5
13
31
9.3
9.2
66
9.7
7.4
18
9.0
11
11
12
8.4
11
12
8.8
8.8
7.9
24
12
8.6
9.2
10
6.8
8.4
7.5
81
14
45
43
14
20
13
14
12
37
32
21
20
12
26
11
9.0
30
16
26
24
25
15
11
11
13
18
27
70
16
15
24
19
56
46
11
90
9.4
28
14
11
11
17
87
12
9.7
38
12
9.1
15
14
14
14
11
9.3
14
27
9.5
12
18
11
14
14
21
24
9.4
12
15
16
17
38
8.2
76
8.9
8.5
94
14
7.7
15
43
17
12
12
29
9.1
9.2
8.6
9.0
9.4
7.8
9.1
12
8.6
11
16
13
8.7
9.7
11
35
8.8
14
8.4
9.6
14
11
9.5
11
11
31
17
23
8.5
12
26
11
18
12
34
8.8
12
8.0
15
45
12
14
9.6
17
23
9.7
9.6
42
12
9.4
15
7.2
12
12
8.5
8.2
11
12
12
13
11
8.8
50
50
8.0
14
32
8.4
22
10
12
10
12
9.1
12
25
13
14
12
11
18
9.7
14
25
9.2
9.0
9.0
9.5
11
11
8.4
8.5
9.7
18
12
8.2
12
41
16
24
8.8
9.4
24
14
51
9.1
46
11
9.7
11
30
11
7.1
19
8.0
16
8.1
7.8
34
8.4
9.7
7.4
16
13
26
10
11
12
23
37
25
28
37
30
17
22
23
22
29
19
31
17
42
25
28
39
21
19
42
46
34
24
18
24
21
21
22
37
13
37
20
19
25
21
18
20
39
43
25
27
15
22
40
17
19
16
22
29
21
38
46
11
14
11
7.1
12
8.9
9.5
61
9.3
9.1
9.6
14
59
7.5
15
13
99
87
38
8.9
7.7
12
13
24
9.2
27
47
17
11
9.2
12
203
12
16
27
7.7
14
11
11
9.1
11
172
13
8.1
19
11
115
9.3
9.7
13
12
38
9.0
11
17
7.3
29
8.2
44
9.8
29
9.5
24
12
7.6
13
7.8
11
9.0
8.7
8.3
13
12
9.3
9.1
7.4
13
7.0
9.7
13
14
8.8
8.7
9.3
35
13
23
14
18
12
12
6.4
22
11
9.3
31
12
13
39
11
12
9.6
27
9.2
9.3
12
19
23
26
40
35
33
21
14
41
20
13
35
15
12
24
43
44
16
24
20
12
26
19
27
21
18
22
17
35
14
13
19
17
31
20
15
33
16
23
15
56
14
17
17
16
14
23
17
38
13
23
33
20
26
15
48
42
26
25
13
11
24
7.0
39
8.2
12
11
19
17
8.8
14
19
20
8.5
8.4
38
16
8.0
13
17
17
17
25
8.8
13
9.4
9.1
13
17
39
17
15
20
30
13
39
11
11
9.8
13
17
32
18
9.1
13
14
12
9.7
11
64
13
14
16
9.9
7.4
8.3
9.9
56
8.8
11
13
18
9.3
7.7
12
28
11
11
71
18
33
11
17
11
16
21
11
13
68
12
13
24
12
15
12
13
24
15
13
14
61
12
7.3
53
12
8.7
21
23
14
9.5
13
11
7.8
57
79
7.9
16
9.6
47
16
7.4
11
39
7.6
72
12
8.3
9.4
16
36
38
31
13
17
20
19
27
18
14
18
15
37
18
16
43
18
18
31
17
44
23
58
57
32
52
12
15
43
14
13
36
17
13
21
14
40
55
39
16
12
39
25
22
20
25
12
8.5
8.6
9.5
13
11
13
28
8.8
8.5
14
62
19
20
14
11
9.3
8.7
11
9.5
8.4
13
15
9.4
9.4
7.5
8.5
14
8.5
21
65
12
14
11
11
16
18
8.8
25
8.3
9.4
14
8.4
9.6
31
7.2
7.9
34
12
17
47
11
45
23
41
56
30
16
51
16
20
22
17
14
34
22
36
28
38
24
23
44
17
14
18
14
31
24
44
49
25
16
52
24
60
42
18
12
31
27
31
17
30
50
25
27
23
24
18
27
15
57
18
43
36
9.5
26
14
189
12
8.8
23
11
9.8
56
13
8.4
12
9.5
55
9.8
21
8.4
12
9.5
12
9.8
11
18
7.5
9.3
8.7
16
42
18
60
11
73
113
12
9.0
12
30
9.4
9.6
15
8.8
10
43
39
37
16
34
13
38
13
46
40
23
17
31
36
21
18
15
32
18
33
40
16
27
17
17
15
14
13
33
17
19
17
17
31
30
14
16
17
11
28
20
9.1
167
16
12
7.2
8.6
85
8.1
12
8.2
51
13
19
8.7
14
36
7.5
11
23
11
12
11
9.0
89
11
186
14
8.2
12
9.1
14
12
16
15
61
12
11
9.4
8.6
24
32
50
64
18
8.0
16
8.2
8.4
20
8.7
124
15
12
11
29
34
17
45
21
11
21
14
11
13
46
12
21
17
26
13
26
34
20
23
31
21
39
15
12
12
40
16
31
21
14
18
16
17
17
20
43
18
26
35
9.0
13
19
13
12
15
28
15
13
11
15
9.9
12
26
19
8.6
19
22
9.1
12
19
13
66
22
8.0
12
9.6
9.1
8.3
13
118
41
16
11
8.4
80
12
15
24
46
39
8.4
9.0
8.1
36
8.3
8.8
9.5
11
7.5
12
8.8
7.9
13
19
8.1
8.3
8.6
9.5
15
32
14
28
44
15
22
24
37
49
24
18
17
18
22
37
21
50
40
45
22
28
52
24
17
56
21
25
36
17
15
23
32
32
27
29
49
40
37
22
43
7.6
9.8
8.9
8.7
17
8.6
81
11
9.9
17
8.3
24
12
9.3
6.7
13
14
11
9.0
29
9.3
6.3
33
6.9
17
12
10
101
12
8.4
7.9
12
21
7.4
8.0
11
7.0
9.0
10
8.0
14
9.4
7.3
13
19
8.3
7.4
15
24
8.2
8.8
6.8
9.2
13
120
7.8
11
11
17
9.4
7.8
21
7.9
12
9.6
14
11
14
11
9.5
7.4
9.3
7.2
9.0
9.7
11
17
11
14
11
16
7.3
12
14
12
17
14
13
34
69
46
48
12
11
8.4
11
11
9.7
18
27
12
11
13
7.1
9.2
7.8
33
12
11
47
19
22
19
40
42
46
17
27
40
21
17
45
20
24
19
33
49
20
20
31
41
26
17
41
19
16
27
42
34
26
39
21
26
25
47
29
48
30
44
33
9.9
7.7
52
10
12
9.9
11
18
7.4
25
16
9.5
11
12
8.3
8.3
90
11
8.1
8.1
8.7
116
11
19
12
15
46
16
30
10
13
94
22
13
13
15
8.3
14
12
26
18
31
14
25
11
18
9.9
49
18
8.7
11
9.7
12
8.5
11
8.3
9.5
34
307
9.1
7.6
9.4
108
12
11
9.3
158
8.7
13
9.9
11
11
8.5
15
14
9.6
47
9.8
61
39
9.8
40
31
10
13
20
8.9
18
13
8.8
51
219
11
7.7
9.8
75
15
8.9
110
9.8
8.0
45
9.8
13
8.5
13
9.8
9.5
100
8.6
48
9.7
24
18
35
13
15
96
13
14
9.0
23
107
16
11
7.5
12
11
48
20
129
23
47
13
12
13
12
12
12
14
20
11
14
12
17
8.9
115
7.6
32
26
38
8.5
14
9.8
9.9
20
12
12
13
9.6
12
8.2
15
14
47
9.9
12
12
48
17
13
9.5
18
143
26
7.8
9.8
6.6
20
15
9.5
12
12
9.1
44
15
217
9.7
13
11
27
14
7.6
9.8
8.5
100
9.8
12
8.3
17
13
8.2
14
95
49
21
60
18
38
13
11
24
16
171
16
18
30
349
24
21
14
11
11
142
26
107
25
66
17
11
17
36
52
36
16
29
19
11
15
48
16
8.9
31
15
12
6.2
7.2
7.5
16
191
8.7
80
7.2
9.9
8.7
18
11
9.5
8.5
17
11
19
9.2
12
42
64
7.8
12
7.5
9.0
9.1
8.0
124
7.9
7.3
8.3
9.4
8.9
13
102
25
9.6
131
8.2
8.6
262
15
7.4
9.5
8.0
47
18
24
8.2
34
33
72
26
57
27
22
28
45
17
22
19
18
210
65
16
15
18
149
20
31
23
49
76
20
21
19
27
71
46
86
22
161
102
29
158
29
18
100
164
36
194
15
24
119
63
11
68
9.6
10
12
42
12
13
8.1
15
9.7
13
14
10
16
9.3
12
219
19
8.5
12
8.5
13
9.5
33
12
12
9.0
17
13
28
8.3
14
9.1
8.5
12
22
46
7.8
9.8
24
13
12
22
11
9.2
12
21
38
16
7.2
9.8
15
33
71
71
11
9.1
22
15
32
28
20
22
13
82
18
15
11
12
12
15
15
8.4
18
12
22
15
46
8.8
11
77
12
9.2
17
15
51
9.9
12
13
16
8.1
8.2
338
9.4
26
87
14
11
9.5
9.4
72
13
9.2
11
11
9.2
9.3
8.4
52
9.6
8.5
27
9.4
11
13
12
12
109
19
16
8.0
9.4
9.4
38
8.4
44
9.3
13
18
11
51
8.0
9.6
8.0
8.9
20
7.3
14
40
8.8
8.5
239
14
336
12
11
11
92
20
11
65
104
53
11
12
9.7
13
54
14
199
30
17
45
42
12
9.6
16
87
24
15
12
14
17
28
16
29
11
9.8
12
28
34
12
9.8
20
13
47
14
15
30
25
64
343
57
11
14
27
18
11
18
16
21
13
15
18
98
17
16
24
115
37
17
12
13
14
14
12
87
15
12
22
30
15
25
75
15
13
13
111
12
97
21
62
16
44
27
16
16
15
22
17
12
27
13
59
24
14
16
7.3
10
12
9.9
12
12
9.3
8.6
14
67
8.2
45
21
13
7.0
12
17
22
13
7.9
11
11
8.2
13
18
9.0
89
7.8
11
36
17
7.6
9.3
8.8
8.2
9.6
8.7
12
11
12
12
230
15
12
12
74
14
37
12
12
16
49
11
11
10
14
9.6
16
13
31
12
11
330
65
11
16
22
29
67
11
16
12
53
22
199
57
11
24
20
31
55
10
12
33
115
28
13
11
248
14
13
15
11
122
11
47
53
24
33
250
32
21
339
27
144
26
65
20
63
109
40
61
35
89
26
32
44
96
34
39
69
56
92
90
49
30
36
50
17
17
317
31
114
23
21
13
37
74
18
55
108
281
42
22
323
89
212
48
17
157
19
83
17
19
22
96
14
41
59
346
266
23
22
341
39
37
14
18
136
350
31
80
26
176
289
22
46
129
29
61
52
13
49
347
30
9.4
17
16
8.6
17
16
9.4
187
20
24
9.5
17
11
25
13
12
13
328
11
203
12
7.7
229
13
14
14
7.8
13
61
12
39
24
27
120
133
31
14
12
45
12
14
12
89
12
12
15
14
19
11
12
47
16
23
17
34
20
46
16
17
38
15
27
93
15
115
20
126
18
44
13
53
132
124
14
16
21
15
31
17
15
17
58
59
14
16
19
34
26
30
19
35
140
75
98
15
24
22
90
26
18
43
17
28
16
24
15
15
11
26
12
13
9.1
11
23
8.9
11
9.1
9.8
65
9.7
11
9.6
9.7
9.0
19
9.5
22
16
301
12
13
337
9.4
9.1
13
12
39
24
46
8.7
40
11
13
13
121
15
15
17
13
12
11
13
36
11
27
19
27
12
9.0
14
13
16
16
8.9
8.8
15
13
12
30
15
17
9.7
11
8.5
9.1
11
14
14
9.2
8.9
13
9.3
25
12
19
16
26
10
59
12
15
64
9.6
12
11
11
18
13
7.0
46
11
11
130
23
27
340
40
21
52
23
51
19
43
42
173
25
13
17
17
297
13
16
15
228
35
22
73
32
40
108
344
14
20
19
36
15
44
33
343
60
43
78
183
34
32
343
14
23
60
14
211
46
18
131
15
58
12
54
7.5
11
21
12
11
29
15
16
17
17
8.5
18
14
9.8
53
8.5
9.4
14
12
19
82
14
19
18
15
51
31
13
11
11
12
13
86
9.4
9.1
11
13
27
20
16
26
13
27
11
222
341
18
40
16
14
68
136
14
88
31
23
22
29
352
39
64
16
278
195
32
286
16
42
41
55
55
14
31
35
116
15
48
16
45
90
273
19
309
21
26
25
23
272
28
20
15
314
17
162
28
19
69
18
60
11
294
14
171
13
296
24
69
15
14
17
8.3
36
11
10
11
11
35
8.4
24
8.7
17
11
49
54
12
9.6
8.6
7.5
9.9
15
8.1
9.3
16
9.3
14
24
11
14
61
143
17
13
8.5
32
9.3
8.8
15
12
11
11
12
8.6
13
14
8.3
43
7.6
16
9.7
70
10
11
23
9.8
16
15
8.9
11
18
72
14
14
12
16
46
9.6
11
12
13
12
11
15
12
9.6
9.4
12
11
12
33
9.1
28
9.2
13
9.8
14
9.5
9.8
73
35
14
10
9.4
21
70
50
22
9.5
22
11
9.1
93
15
18
24
12
13
55
83
137
78
12
288
22
23
19
16
17
97
17
39
13
272
18
99
60
17
238
16
13
177
34
15
282
14
21
15
33
48
22
14
13
302
171
165
16
303
14
36
53
26
41
13
9.5
12
9.4
14
36
9.7
20
70
8.6
49
14
10
13
9.3
16
23
9.7
11
87
12
16
15
14
29
10
12
13
9.2
15
100
11
19
16
22
22
15
33
14
28
12
23
65
12
15
29
15
13
35
19
23
19
12
12
13
21
16
22
9.6
19
39
38
27
35
13
13
15
43
46
21
12
19
18
14
22
20
21
36
29
23
11
13
19
26
29
13
27
49
13
12
11
17
27
11
99
27
70
15
15
79
14
40
34
10
12
11
14
14
27
24
17
15
20
15
40
93
16
16
20
18
15
50
47
16
9.3
13
16
22
24
14
18
12
16
9.8
12
106
22
11
14
13
23
58
14
84
9.7
15
14
11
18
14
15
14
21
9.8
9.3
27
22
9.6
8.5
13
17
43
12
30
9.1
8.6
12
33
15
9.1
21
12
9.3
45
15
14
8.3
9.4
13
7.0
14
41
13
15
14
9.9
9.4
19
9.6
8.8
8.6
8.5
8.0
8.6
15
9.0
11
11
38
61
16
9.4
8.5
9.4
13
12
16
13
18
80
11
13
27
19
25
265
22
350
33
15
11
11
17
15
56
39
11
11
255
43
14
22
16
11
14
82
85
125
12
15
144
101
15
11
13
52
15
217
116
13
66
41
14
13
14
43
11
11
11
79
16
11
22
12
64
12
34
12
14
17
14
19
24
23
13
11
31
14
73
103
14
17
56
22
15
11
25
112
13
12
23
96
19
14
48
15
13
12
19
12
15
27
18
15
34
12
9.2
13
23
9.2
20
54
18
8.5
21
25
18
8.7
11
8.8
9.0
52
22
9.4
15
8.9
8.5
9.5
10
11
8.4
11
7.9
7.7
13
12
7.5
8.8
9.4
8.9
8.0
12
41
9.1
41
15
11
14
8.9
14
11
8.4
7.6
24
9.1
63
9.4
9.9
31
26
27
15
48
14
7.7
9.7
12
25
13
29
26
9.6
11
33
9.2
13
14
25
9.3
9.9
23
11
9.6
18
41
12
12
19
47
9.0
8.2
14
32
22
8.8
12
11
12
11
38
52
69
13
76
15
20
13
142
23
32
23
92
27
27
13
34
38
11
107
74
14
15
15
45
22
16
26
18
31
15
15
13
15
21
11
22
15
18
14
13
13
16
22
20
19
17
14
50
109
17
8.8
7.9
54
12
8.4
8.7
13
7.8
11
8.3
12
7.8
9.8
30
16
16
7.8
21
9.3
7.5
27
13
11
15
9.2
8.1
18
14
45
11
11
8.5
11
68
21
8.1
9.8
26
8.5
12
7.4
14
41
7.4
13
28
8.5
14
12
16
8.5
15
8.5
51
9.5
24
12
34
14
16
12
13
8.1
13
8.3
69
9.9
16
17
9.3
13
8.3
9.5
41
9.3
11
9.1
13
14
12
7.8
8.0
8.3
8.9
8.0
40
9.5
12
9.7
8.8
17
7.7
11
12
75
8.8
11
7.8
23
11
28
8.9
13
8.9
48
12
16
9.8
25
14
8.8
17
20
28
13
9.6
9.3
40
12
12
13
42
14
11
8.6
20
11
11
13
32
16
23
8.6
9.4
11
11
43
9.5
25
11
16
12
16
9.0
11
9.9
15
21
13
13
18
11
9.5
12
9.9
17
11
43
13
12
9.6
56
14
7.6
15
8.3
11
26
13
22
28
24
15
62
12
12
12
16
11
11
9.3
11
84
37
29
74
12
7.7
11
8.2
23
48
33
8.6
14
11
15
9.1
11
9.1
12
9.8
14
8.8
16
11
13
32
47
9.2
14
11
12
11
9.3
8.5
17
18
11
16
35
13
27
16
7.8
11
36
10
14
28
13
41
31
20
19
47
16
13
25
23
32
20
18
17
31
28
30
42
36
20
16
18
22
23
38
46
15
13
33
32
20
15
15
38
45
17
27
18
20
17
23
27
20
26
19
29
19
29
17
24
21
11
11
38
11
13
12
7.6
66
8.0
41
7.8
7.8
8.3
8.8
16
23
7.7
9.1
26
11
11
7.0
33
33
114
33
7.8
8.9
20
9.2
7.2
18
159
20
16
12
13
8.3
7.1
8.8
222
12
8.6
8.6
9.5
17
8.2
9.1
13
54
12
18
20
9.2
8.7
18
12
15
12
38
14
33
11
13
9.7
9.2
16
7.1
7.8
57
11
8.4
12
15
52
18
12
9.4
8.2
11
30
8.9
20
20
33
31
51
29
14
14
45
21
16
16
24
28
18
15
23
20
31
44
16
30
25
17
19
34
25
16
32
37
17
29
24
18
17
14
30
18
41
19
26
38
26
23
39
21
32
11
8.4
9.4
9.4
15
8.6
8.0
7.4
13
8.8
9.4
15
11
9.2
9.1
7.2
11
14
9.0
13
11
11
12
12
18
18
8.5
9.7
11
13
24
12
9.0
9.3
15
18
8.2
16
11
13
14
8.5
11
17
9.9
7.6
16
11
9.3
11
11
12
14
9.7
11
66
16
17
56
66
39
29
15
41
34
63
66
13
13
71
11
55
12
20
13
25
59
16
12
14
30
50
21
14
10
34
19
27
23
9.8
16
59
25
12
14
13
14
25
52
30
29
13
11
58
17
19
15
12
39
18
30
19
18
9.3
45
18
9.6
17
11
9.7
11
11
32
22
61
12
9.6
9.1
9.1
13
12
8.6
8.9
11
20
13
13
7.6
11
18
11
9.6
28
11
13
17
12
11
7.1
8.3
9.8
13
9.4
7.9
11
9.3
22
9.1
29
14
11
19
20
12
17
16
24
18
29
22
12
39
51
18
12
13
23
17
39
31
15
24
18
11
28
13
14
20
15
16
22
37
37
14
14
35
19
42
21
13
25
38
27
12
33
17
20
21
45
34
42
29
20
21
25
9.9
7.9
7.1
8.6
12
16
15
11
13
13
16
11
20
14
8.8
11
12
8.4
16
9.2
11
11
31
23
30
12
8.1
157
16
15
12
21
13
12
19
11
9.4
8.6
8.4
8.1
31
15
13
34
19
15
27
14
26
13
21
16
27
26
19
31
35
20
16
25
24
33
16
24
14
23
18
19
9.8
13
13
12
12
14
34
16
22
43
11
14
44
12
23
26
13
41
16
40
15
11
17
33
43
20
7.2
6.9
12
14
9.2
13
12
9.7
12
13
8.2
26
9.5
8.6
9.3
7.7
8.3
8.2
7.7
14
10
9.4
11
13
8.5
9.1
7.8
31
7.0
7.8
341
157
11
13
9.6
18
12
14
12
15
9.2
17
8.7
15
12
30
13
9.7
216
68
309
11
7.7
46
16
16
33
18
24
31
36
23
47
24
50
29
17
21
44
56
27
22
48
17
20
17
23
15
15
12
47
17
35
24
51
27
28
16
27
14
18
26
20
25
28
29
32
19
36
26
55
31
25
45
20
21
12
7.4
11
7.5
12
9.5
15
21
18
8.7
11
11
12
14
9.7
13
43
11
28
13
9.8
65
13
11
19
8.2
58
51
9.1
43
9.1
18
16
12
37
8.8
8.0
8.3
12
14
18
11
16
8.9
7.7
14
9.4
8.9
9.2
15
43
19
37
47
16
18
17
20
44
19
43
26
18
20
12
40
25
39
21
26
18
21
49
22
16
15
28
20
19
43
32
20
23
24
12
22
24
22
17
23
24
43
29
25
19
19
17
47
19
20
41
20
23
34
21
22
20
25
21
19
36
8.3
13
18
71
9.8
12
17
15
69
8.5
11
23
12
82
11
9.3
17
11
15
22
7.9
12
17
13
11
13
11
13
14
68
9.4
46
27
43
23
11
9.4
19
133
8.1
16
77
8.8
12
14
9.3
7.5
8.5
14
11
8.1
16
11
15
16
37
8.4
18
18
11
24
7.6
76
8.9
11
8.1
8.9
28
355
13
15
20
9.3
11
11
22
98
8.1
13
11
14
7.6
11
13
113
9.4
11
15
14
11
9.6
13
8.6
13
8.5
7.8
11
8.7
11
13
20
13
41
18
9.8
11
29
25
30
35
30
11
9.8
34
25
40
14
21
11
11
12
34
13
13
21
11
18
11
13
45
9.5
22
13
24
11
14
9.8
13
14
8.8
12
24
87
15
14
16
12
12
23
9.2
8.6
36
13
18
21
9.7
11
16
11
70
16
44
17
26
12
16
13
8.9
49
9.5
20
14
7.9
62
26
8.6
33
67
9.4
9.0
9.1
11
32
16
11
12
8.7
19
9.3
79
11
9.1
14
14
9.9
17
8.4
8.3
7.9
7.9
13
7.6
8.4
7.3
14
8.8
13
6.8
9.2
12
183
9.3
11
21
9.3
19
12
14
258
45
12
8.2
8.9
9.5
56
8.0
9.6
11
9.2
21
21
12
109
11
14
13
246
14
13
22
12
38
13
20
11
43
106
18
291
16
86
14
12
15
26
315
202
304
12
338
12
40
23
194
289
65
21
16
77
221
13
14
333
56
72
131
16
11
15
28
18
19
28
17
346
14
8.8
17
9.3
13
13
8.6
14
8.1
7.2
21
9.4
11
13
8.5
8.9
14
50
8.1
11
7.6
9.8
7.1
7.0
9.6
9.5
9.6
92
15
8.7
17
11
33
12
11
44
192
101
68
50
67
19
38
24
133
25
23
20
28
15
24
26
16
24
53
60
87
42
17
38
35
30
21
65
38
19
43
18
201
30
16
32
28
13
22
28
112
27
24
95
28
29
15
19
12
14
57
11
15
11
8.6
11
9.7
34
18
11
11
28
15
13
15
9.3
22
8.7
15
34
42
19
21
13
11
26
13
27
15
81
20
16
14
12
14
13
13
12
42
9.4
14
18
19
11
9.8
27
100
18
132
9.9
9.5
7.0
11
8.6
275
8.0
157
7.2
183
9.3
9.5
7.2
77
67
9.2
12
8.8
12
9.3
21
16
8.4
34
14
23
11
9.9
16
9.2
14
14
52
11
11
11
7.8
9.2
7.6
11
91
12
34
54
9.0
82
24
12
17
15
40
19
12
15
95
58
20
9.9
11
13
47
16
11
14
9.8
11
15
8.5
42
18
11
11
39
19
15
37
61
35
9.5
12
8.9
11
39
64
14
21
18
26
14
38
20
295
146
14
19
11
17
15
20
16
36
19
14
11
15
10
76
9.3
9.1
26
15
11
24
12
32
39
12
15
15
65
102
25
174
13
103
46
20
343
34
11
11
18
16
19
347
26
202
11
12
8.1
42
40
8.8
11
12
18
8.9
8.0
7.4
9.0
9.8
47
9.1
9.0
9.1
18
120
11
13
8.3
6.0
9.7
7.3
102
14
7.5
8.1
8.2
25
18
12
8.8
11
13
12
11
13
9.3
11
9.1
84
12
18
9.1
21
16
15
24
201
38
24
163
7.2
48
11
26
13
352
12
23
25
49
12
9.5
11
38
29
14
21
16
22
19
15
19
14
9.8
40
15
12
11
233
13
26
12
15
14
12
39
9.5
180
11
170
89
11
348
39
11
11
13
15
104
14
40
51
13
13
9.4
13
46
29
19
8.6
9.5
17
16
11
8.9
7.9
32
8.4
18
9.8
8.5
8.2
8.7
9.8
15
12
10
8.4
9.3
11
8.3
87
11
56
7.8
12
8.4
7.6
24
11
104
11
12
7.1
222
7.8
31
7.9
9.3
85
11
24
30
8.9
7.1
11
16
10
22
202
154
46
25
68
32
214
19
68
32
43
19
201
79
185
303
18
25
53
327
31
23
38
135
74
26
64
24
21
21
45
76
109
16
318
28
275
33
152
40
17
46
275
104
22
26
57
110
17
68
29
106
54
28
11
11
16
12
14
13
12
68
55
42
12
23
58
31
57
49
34
14
29
12
67
14
76
25
12
60
39
18
43
49
17
25
17
42
41
17
15
12
43
14
37
66
12
65
48
13
17
11
15
13
21
9.3
75
58
14
13
29
14
9.4
11
14
335
16
16
8.3
7.7
11
15
11
69
14
11
83
9.1
15
10
19
12
9.2
14
17
143
13
35
26
17
9.4
12
12
14
9.5
38
90
15
17
11
23
9.7
12
369
117
15
58
15
62
15
158
21
56
23
84
15
47
15
14
19
40
24
84
14
22
45
27
30
15
16
25
104
14
23
24
64
39
124
14
16
16
80
37
19
20
115
12
23
38
25
14
44
32
19
17
17
18
20
15
19
9.4
8.9
13
8.3
8.7
9.8
42
11
8.9
21
14
11
56
13
72
23
12
19
109
21
23
12
9.8
7.9
7.6
14
70
36
13
12
14
11
14
51
16
9.5
11
8.0
37
8.2
210
12
23
8.5
12
7.2
8.0
8.6
20
18
22
67
10
12
8.6
18
29
13
17
9.0
9.1
11
18
11
76
9.9
64
11
15
14
13
11
138
25
12
12
11
11
24
32
10
9.4
106
191
14
29
255
14
11
9.5
11
44
54
14
34
12
11
44
21
15
9.3
14
8.3
83
24
337
29
15
145
16
167
81
267
36
21
47
164
312
61
206
16
17
29
103
24
27
45
23
116
33
30
20
14
57
20
287
25
194
86
52
332
210
275
21
17
46
17
20
343
310
43
109
42
168
68
335
298
323
33
29
13
81
291
24
117
169
42
95
17
73
351
56
26
324
321
39
16
282
337
19
339
320
36
39
33
91
124
74
22
27
18
18
54
39
30
36
78
213
14
315
16
18
340
84
46
20
40
20
348
31
14
19
13
46
24
25
114
355
249
32
18
100
31
265
43
38
310
38
311
122
18
16
39
42
31
15
13
14
11
14
11
11
50
9.8
9.5
48
38
320
9.8
11
23
8.4
12
76
8.9
11
9.0
81
9.8
63
9.3
13
9.9
15
14
7.8
14
28
9.1
15
15
17
18
13
13
12
12
13
18
12
32
9.1
46
15
22
23
11
28
16
12
87
13
11
11
285
338
9.2
9.8
8.8
9.7
11
8.8
15
69
7.0
11
11
29
86
202
269
97
11
9.9
9.3
184
9.4
11
12
20
11
11
12
17
9.3
11
11
17
18